500
1814317 8684959 1608169 6239195 974770 8975688
7400456 4528195 2075700 5243630 3302230 8959818
1032943 6226734 9652706 7429047 778122 9949433
9194129 6375212 5392308 500703 3949083 6401527
5033700 4360904 7929969 4523961 2746130 2968643
6937695 4974204 5715517 309178 1498716 7657735
399779 2802952 942872 6393023 1226965 4102750
4069769 1718519 2486845 1787273 4699609 8567456
7630505 5229373 1176932 1389993 6743474 7241152
3327112 1313614 4735875 5206641 1205494 6613865
1045718 2876495 1782065 9107056 8305934 8328025
3244300 723765 4728018 1994971 7029267 7975169
9006560 2801106 5148246 1289557 6430934 2230564
3914682 3246427 9661294 9362512 6893455 7516756
1791711 5547702 8230730 8474364 6982066 185101
2921860 5193138 1597458 4329006 5347304 8350470
2320685 4962712 3412584 4158819 8542972 3975844
3839438 5635534 8200106 3201763 2383432 3942368
2092905 2037554 4882680 2505310 1291958 7959067
6952571 1683206 5983040 4265308 7315345 2758232
97295 4769936 3741698 4542916 9073110 1836129
6377711 4677554 7453801 6797776 8968872 1468221
8817980 9755863 4703454 5685449 5523073 1257920
9316650 8589947 3164269 4288362 6381458 4944511
5302420 416549 3901179 3638390 7376434 3664098
2367430 8055376 7647367 654351 4061523 3773036
234146 9296522 6562423 6363976 6824051 7705877
6488566 5295129 3068682 3414459 3687330 1536095
3255612 1267121 6160132 4725119 4948658 8725397
9593962 5808933 8388477 8797187 9240495 8656561
7934950 2739321 7301119 3789703 4430345 913495
3820853 8163628 5694340 930417 5451303 6226551
4695496 2952674 1765896 5458392 7799795 1086329
1875828 1887961 6729219 2365083 382777 6109312
7503965 7642311 3106718 8921970 1060389 8252589
5384559 1436958 56026 7905862 8429026 4084730
404757 2698862 864783 2155187 9593605 5523701
5841754 2325195 5815818 9933581 29622 1995984
6959500 4135570 8009138 7302147 6921358 7352534
1927341 5569866 2356543 1191807 6285738 6788034
7806776 4898883 7103239 7441750 5545858 4014344
6170525 6789634 4523648 7681166 5053634 5100933
221545 9720641 2294355 1205517 6523329 8057582
293494 7570384 7612688 1110734 1962469 6924818
243451 8082411 4515600 2703491 5978521 2859159
1728186 9212950 6413124 4076748 4348410 4694722
8420462 8400003 6779336 1801473 3763055 3239988
7472336 9278334 9081935 2908204 7080602 7200716
5058178 721823 9046537 4298961 898313 8715354
9175346 6696042 2936413 178420 7198299 7463446
9498744 3467033 811112 1664488 5952979 5840684
8687809 6144797 5372231 7599633 2785055 8123325
1278245 8492020 3807328 4372699 3638398 2684134
7842883 7335246 1001809 7314883 7645312 5256697
3812622 7429225 8314637 7697770 4901402 7652367
1758308 8242041 1201704 9315889 2302729 296021
2428875 5807847 3325355 3241251 4220395 935805
1828485 7458545 7936768 923212 3020715 2406292
4908025 4802646 3057644 252278 2335537 9863052
6461637 2183861 5821721 5554415 7851866 8523753
7526046 990038 1243394 7719863 5841324 4543013
6921620 1962356 6189291 3511306 1943824 7830550
9358779 4601632 3114850 66004 5486397 186766
7319929 2889410 4408510 5908344 2789744 98755
4594722 1506030 5906504 1338651 2854251 118868
4474300 6874460 7955981 4801602 5715204 3230356
9692410 4108621 1617221 3393754 4001591 1058358
6217001 1396719 2858822 5227094 893499 7733905
6748201 6395633 6697463 5634954 8234485 4962456
4115242 1617702 8200294 1144639 3125140 4335294
8636509 5582969 9108104 6070423 9037005 5069363
9874569 4557176 8886427 9884494 373593 1377775
8569544 3926175 8887818 3350152 9691343 1393024
7239933 9367628 612530 8172599 4590449 6458618
3421404 8839346 8639974 2993524 686360 4097501
5030062 8547771 983480 7281927 4757245 8418621
1950254 146578 2359713 7789458 5352524 6336322
8847477 6863707 6022039 5319687 7065409 4308310
6074637 765090 1926359 6807269 3904706 3757512
3722763 463910 992519 2649485 2649018 197659
6429388 6881044 3870816 4788925 4854431 1825822
394294 1287617 9168930 469197 1399897 9544764
9033311 9450474 4015103 4276207 9325121 7726741
436579 8101716 1773936 4331664 6918887 9921269
2171142 8222792 4643065 7225968 3559164 4293334
7426101 9300768 7497559 2162054 1360070 8471480
2465505 4058551 2009275 4196216 4925393 5777792
5139380 5605440 9365192 2381594 7773958 4454231
9742408 9446555 1138788 3265777 2212906 4547302
8423723 2097724 9962156 3949546 2617783 6631639
7182757 3168325 7728453 4875595 3043095 2099129
2047204 6871257 8090403 5543623 1810701 5266569
5717466 6240362 3176323 5996144 9192283 1313447
556077 9789547 448833 188833 7483560 4112608
3154546 4160323 7087861 2950257 3738330 9262345
8509323 8515958 1440768 5377636 7013459 1757067
8049339 263785 2562344 7266062 334390 902701
6363828 4198785 7635853 5872218 7548311 5972544
1370979 2427579 2905440 8648709 3393469 2828235
6182805 6993924 5684765 3615845 1721048 8882771
5011267 9096946 3132926 8828057 7034299 3294742
3825801 339829 9226903 1419255 7946804 8928498
8751102 3290015 9455157 9546132 3825005 3284775
6476754 7282327 6612012 1115317 1579278 1310751
6356905 9860613 5122489 8612533 9194830 19534
6072301 4433494 8542736 3679573 2254794 1237443
7769775 7535770 7164485 4341110 2046417 7208482
6745641 9951723 4480774 3976942 9897607 103454
3373077 6636673 3168919 2399989 7139090 4438720
2270759 3895950 7517668 1822174 2471152 7173685
8172253 5213267 1144998 9207368 5346953 3513310
385761 5071529 1035220 8217714 1776357 6289235
6120290 2135643 5235910 9403529 4369676 1627555
6829977 2379962 9963006 5019035 5239455 2558157
6850615 3672312 7294403 4104015 1408813 8358844
3719774 5947600 5064617 9990799 6168857 6833149
6063483 7538272 4604769 967463 3591181 4826077
9068233 5155363 4860315 6879684 6279699 5003447
9202810 2867229 9526274 5890113 4992197 91189
7210678 3153217 9973811 8586841 2356752 1674641
6218907 6281745 3662716 2676375 4497939 5828757
1224617 6129490 5966785 8402760 3340046 6831403
7022785 5862513 8788781 5136929 5950801 84092
7697842 9970931 7392612 2290956 4901205 8541583
8832570 7829661 955403 4973427 2780120 3015640
6859337 7476642 5181519 2930127 4748556 7309435
1163361 6391858 657423 9031558 5655066 150209
9036661 800050 9527183 2694870 8867327 9129683
1302408 2073749 7202415 9889719 888998 2385821
4282029 3927951 1380540 5121132 3843805 6668277
4873353 6251190 3349369 2951145 1543423 5863404
1649883 4092658 1113957 1479346 3973568 9558943
9426669 8666283 4315864 7242403 3254294 4101155
9014400 6137699 8962334 1825720 3671019 706371
5813224 6969618 6587643 2795698 8648098 820605
5928895 6042228 2548052 3989145 4158204 9403876
6800839 6085515 9256626 3663778 1044987 4774669
8015725 9823062 8100181 7643472 463050 2222714
8069956 7039626 673656 7279385 6106731 7706106
7705943 3047633 2580170 2642998 7137921 4573804
9275760 8854185 5444559 293352 5550450 7931339
7010890 5437523 4508079 4911988 441563 7168779
4844528 5350621 5092712 4187665 3809994 3847957
2606190 8169752 6506568 4364928 4725741 1608472
146948 8649509 9935496 4841946 6283202 1110570
6823705 4157841 8947594 4682822 4388018 2190801
9330109 7722372 4272611 168841 632581 5025526
7714635 3157968 6598062 3504877 2434857 756110
2613393 3518278 9237638 8732213 36807 8968169
8067236 4910832 4128444 3836087 146404 6900940
7995842 2168944 9154321 3397508 8088282 6283722
8221184 161705 962603 2901910 4857555 6087622
9575345 2437349 7537170 1481041 6650292 1567772
5010409 6642071 6214652 9179386 2228552 2764923
1872931 8091492 4121033 9979425 6615585 9477186
8062356 5494022 7575968 7371670 2172998 8463637
5871204 4317127 5069686 314340 5283692 2273151
9793506 9711482 8660722 3150016 9156867 7599458
1430998 6586194 8260539 2560671 8825677 3504332
686288 8816455 9940391 6389397 1524576 9996790
2162688 8241759 3546119 1485417 4839554 9363533
8511653 2203674 264350 9073533 5609836 2333165
6498086 4696069 1358378 3941501 9385880 2517070
4104201 8722915 8934624 6521574 8548426 29391
1216647 5501685 6668344 4071636 6685382 3356542
8523245 9481807 2792551 5072895 8151652 7041933
8727031 8308089 4871928 9297188 4638363 6953192
7335108 2357465 976357 5927373 6062585 4129608
2145953 6744786 9430575 7423321 2285196 2801661
1062166 5641113 9693332 3516728 268770 9337868
2695189 4440017 5518292 6907807 550287 6128029
9540614 1425190 6544417 4316445 5214469 1077790
7645141 4807012 4084551 1981431 9186466 6190961
9053034 5289273 9439099 2538736 1925682 9940595
3925966 1099924 7196611 9990889 4010729 2510538
7348600 5210303 8039319 5534059 6601999 198345
1434900 427300 1807177 4848328 6386759 4637395
7585190 7829508 1530317 8352785 9778179 7478183
8717109 9080734 6454647 3502371 4463694 4979496
9898769 156452 2514335 5577696 2981840 9450362
8931418 9549724 7414460 4033878 6967844 4166
3038471 2111082 8205013 3886206 546530 8759165
4383784 4204706 8902513 4801704 4953545 4096173
8410278 5573181 1321745 9718428 1273780 4929994
6055891 3846229 746609 3059822 5635290 6445546
7684010 5857204 7445459 2356814 5916909 6837034
7222934 3551312 861664 1526150 5314314 7667097
9273169 4830902 8534204 7695481 9118587 258988
6076983 5097065 5202907 8418161 7167417 7408659
8128617 9212989 8275943 2484466 7977987 3121614
9257557 9978648 6475791 1759467 6202196 4689326
1313705 2026969 8287796 2065479 7578769 1402233
3234509 6884128 258867 3654648 445258 6442877
6395790 8360409 4727642 487620 6982839 538224
1242638 9265848 8689786 36800 4228196 6703919
8561091 4738468 5573324 7740049 2268593 5335665
1191305 7513702 8628706 3844878 6381775 7091617
1971192 4011503 7518295 3800674 5183651 283289
7149791 4473969 8767731 1833066 6088675 9617577
8393971 8769936 2995809 5937567 516828 6936347
5999539 1276905 7798772 1583876 3504388 2840301
5828908 5494460 4615534 4923202 2463342 2931556
7814171 2550912 1978633 7636025 8516428 2971335
3019929 7441964 4082196 8406497 2887008 9754227
7936188 6728024 8649792 5955746 9346077 3498656
2339855 5253738 6996873 1692359 7845338 5104870
9292844 387315 507115 4677993 7971765 9689191
5667754 2226589 2010626 5836174 4018894 3537763
7638944 757946 253507 24473 2917638 3074863
2854150 7593042 8389896 8044545 3647687 6776363
4190509 9873161 6148382 1116878 2583346 7209604
5934682 6121812 4705573 6873763 8343180 8129112
2464219 8341935 9470198 4393004 2738742 660418
7743600 2100013 2709130 5112028 8316802 8588131
3245148 2315381 2336099 3922009 8838208 252295
6714973 1248299 6739628 3730752 487484 8098604
3540809 4550876 9643243 4801022 9901492 7897082
8832189 765180 2414765 2124394 7560254 4575703
3604665 8461146 4854300 7729477 300945 1547673
4067232 9078480 1556358 7560250 7871729 267964
4873504 2012672 7283604 4453277 158789 7094881
1389484 8733466 7854450 1371594 852195 8187865
1017175 2942577 2198521 4812047 6279838 7551622
6173365 1120754 4755127 7760396 317344 377061
5397995 8985495 947353 5191954 9663519 1409004
6542245 5980558 6679147 9375278 9927517 7888819
613478 4378912 606390 5319884 734910 8826787
6721252 2233070 7608951 6666434 6712302 7358367
9349151 9255185 2798641 4004736 1386885 6750974
5512837 7113107 1695328 6906542 9055282 1173293
6147527 6197530 9069946 6445446 4829349 4871636
1508718 1641896 3015060 4309702 4198568 1900926
6945231 853481 385844 5928339 1039144 8084273
2768110 8731561 2273193 3588986 5842802 408334
8610362 2537508 4593673 9928172 3862441 2814409
6193490 3706936 5323629 9433097 9172356 4537379
9756841 275806 7403721 2737314 5157716 5070406
4343307 5039449 5056616 897714 7059505 533403
6365130 9584497 6073963 3611054 4138431 323721
8900100 2558541 354727 8661612 7835083 2291841
277962 1580545 7779454 200650 8116211 491632
6577297 7512134 1681125 5848464 6171498 763337
680552 30795 3573845 7202787 9245679 803353
5351717 7712648 5478002 4060269 3563041 4277944
6740446 2582436 9568504 4999908 532996 6613815
4182651 1095228 2440723 5111880 2459351 3577170
7290951 4142656 6923237 4564984 4320417 9547371
8852278 516666 3412999 5310625 2930502 4107635
6749876 1697313 3312861 9551374 3309895 122435
6813838 6217693 8017503 3501510 3460204 5533775
923127 1577388 6979137 5067309 1665812 5076270
8322614 5568671 7571444 9996674 9911835 5103022
3880115 786733 3392230 5930631 5207990 3046375
864944 1429820 9651934 5460869 8250032 8835682
3300953 4631277 7785333 2318288 8298041 6241658
5559666 3789440 682452 1389462 3641856 2743029
2568233 3784968 8850853 8336729 6988011 7361830
6536191 6753201 1785478 8209838 5671259 2523161
6730204 883207 1009702 4971128 2636565 2030383
5881840 5462258 3327355 8143455 1766356 7034535
7290936 6004326 7270629 1329785 4437008 6122395
4420570 2490652 7144876 649201 3362397 1423022
4195521 2528215 4441808 2290103 8924677 1496831
7050204 5091114 8960018 5262171 5588083 7414834
5231956 588537 1152874 8652068 5507621 8179598
9415673 4424777 2018612 1816318 1045792 983685
91200 5206405 2316193 5663083 3789268 3180606
5378285 6081003 7520809 9586680 775606 108350
7588575 3591737 6537580 1830524 1093251 6675241
8074516 2028764 416242 9855795 6097829 3848470
4969520 5768502 6983031 8965278 1233527 8937619
9404410 2379203 1482423 3458123 2198903 3718271
9180637 1387121 1301846 5779412 9883886 9507080
9894025 5645276 9812931 1044524 1063493 1915884
1642018 7585148 3331526 5343370 3741801 9017027
567442 235405 9108576 8467723 693562 8020766
6197575 6413007 4847475 8583189 182270 8396403
8625926 4130451 1392833 2819308 2649886 9706129
5373395 2295104 2144878 909162 9961769 452553
4035538 3924995 4705008 5067146 7323259 3648379
5606092 4061039 8637401 2465395 2890680 1963497
4609695 712914 693558 3281080 9581836 3470878
4659604 1310836 5463005 1416527 2418597 6933041
523050 8822709 4935261 3625397 9969974 1446696
6872148 9658280 273636 8656023 4432184 6768567
3315757 1130428 9089747 1199096 2977096 6121230
9759002 6160531 1239770 9429335 8209613 1936972
9012571 2092315 2713267 8673999 6249557 8650933
4989547 2619011 1506397 7771967 4544095 8500550
8713117 1980695 4091064 7190704 5593246 3232400
1689861 5953671 6280729 3924991 9965322 8451408
4381131 3460508 8333739 9341775 1657525 6258066
5693270 1093714 613096 2998289 4612826 7877659
8733428 8198149 3408722 1622702 3666476 1813172
5262169 5543789 6586332 589197 2485979 996401
2030165 2568297 567284 8007369 7739474 2255941
5656242 5087580 2126992 4261859 4292867 2789049
317193 5647772 961486 5248331 2078696 3450380
7887453 5714827 7367869 6213405 8457276 7395097
9823678 67159 2287195 4467556 8662821 4421532
1865075 3791934 974529 7337338 7311609 9089228
5690782 7685900 3354240 8357155 7342046 9525246
5750667 4471569 3905281 619672 1305508 8018703
851686 13838 3465093 3135952 2701743 6771151
3628531 5816760 4111021 3172187 8183691 7672315
9968745 1188685 6424758 7705459 2396784 500933
1814520 2979855 8336162 1872258 9557549 4392795
96140 9530298 8372781 7842623 462737 3985706
3489816 9204005 8761650 4268491 3615870 8648982
956439 8729123 1090191 4203377 3708806 1494849
4978207 2518594 9502209 5681925 8388409 6153360
3100487 8045208 2074784 3404347 8805152 8325653
9682541 8979428 456289 9072297 3039811 3171445
8398369 5785908 5354022 125314 9682370 8979685
8910664 5700254 7572815 7775775 6749019 3667660
9410742 7611142 9271048 6841313 6894051 7038954
4890586 4414214 1141888 2219421 4742135 2417529
1910922 85468 398853 435996 4585950 4636442
8192693 1884142 5689311 7918745 5805007 7922898
6140826 4852892 2836224 522524 6771260 2688155
8580544 5324711 1296188 8407123 3993605 1194009
9054604 2841228 2085376 3417335 4181711 8625597
2029556 6178948 1043772 2936493 8214391 9596902
8580832 8474667 1114303 2936373 9583082 4864877
7978349 1491996 1806134 1348150 700486 2041158
4202730 4368061 7642953 8453733 3638876 9417424
1121341 3503798 6091862 9204843 1381392 1744721
2551065 4775357 7702430 7063714 5889189 9626058
6879125 3204333 6638501 3239321 1941692 8296593
1573851 5644171 5741628 6431310 428774 2501609
9387875 7706454 2140741 44218 9214605 9813649
982643 3575823 2540072 1626348 1815151 4710593
3505040 9375988 7093275 9369581 385308 4807725
7162447 914635 5602807 2180075 4469024 7496153
5402657 963408 2426369 9346360 6879881 7994704
3675795 4690030 3075023 3590253 9816968 3674937
9603980 2506847 5560752 7888780 6081071 2313365
7085986 5252777 1389181 1927907 9734281 2565703
1203317 2204269 5258863 933903 9268863 9514139
6898802 7207799 3237429 4644587 4641561 8251196
7387280 1636282 6695941 4545367 7950553 7125121
1635570 9914786 9559020 3418337 9765601 7878461
9246973 9273666 4833563 3289441 5094089 9216247
6106972 3474750 1229127 9860665 8143043 4675611
2735841 2741891 5421166 3560884 6691450 2609169
437507 4959393 7865285 7309555 501500 4444788
5617423 2540618 7302224 4264059 292336 9819494
3006683 7784980 2438668 7380402 1686930 9995197
4680575 3609360 2113709 4021182 8537615 1166810
7022069 7526614 3493239 2020330 1809526 5208661
1703955 8074685 3223336 6949850 2980829 4806208
13175 1937417 8772166 388775 7672017 2553471
1914022 1842912 3182413 1409633 6853982 358063
2236943 5355439 1054961 5425968 8880308 3082089
495459 6416324 6421777 6698475 287486 2974886
951549 3597093 731092 2093562 2560104 2217650
6596158 6056832 4804150 7632460 7367227 9749512
1223031 4291800 5937343 9560238 2107160 6694703
7984397 5612436 672632 3135176 9783386 6454086
4153699 6277986 9194376 141246 6454391 6564504
8384430 3314699 1649931 5797279 9437226 4074924
1822378 9820460 9282808 964762 4813474 797149
5553912 4604483 7988212 1305448 4202937 4588508
7144746 935220 4309164 9727074 8714077 4675049
2302254 7816373 3813707 4277006 7939862 6282117
3023274 6454912 9602441 8239645 9248029 4052527
8099580 5425751 4854574 1862419 7737860 2286699
7411895 7019635 798961 9875482 7581263 5178903
8465873 2848250 2075048 4605867 2996499 5519170
2255339 8657356 4600622 6974881 3495025 1620852
261217 7545372 1880597 3000690 7941488 8358562
1194708 7314267 5356453 3935685 3205868 8777186
9733934 5282327 3197360 2022464 2315178 1694442
3876088 2426771 235109 8634803 5811132 5091611
4207068 8417406 3458413 4083270 5984305 590672
9451905 1124698 1930725 3233721 1601202 192487
406102 4411204 9078146 2440399 8680773 266996
9822449 4530188 9642382 3297862 4871933 7714171
2321809 232874 6342177 2906179 3098793 1068253
1385743 1626413 1734240 6788985 8793621 9524082
4900149 7111438 1329961 4765781 4483780 2081169
6846460 6500213 3681125 3004873 1616362 7903974
2616295 1435689 3745998 9968112 8812354 1280943
5449229 909206 3545472 5744241 1761460 5751430
4248494 6545725 8025905 862471 1847977 9974788
8458247 3617117 5617582 9554064 7540249 1569334
8937035 5056668 46408 7561213 6451401 8371719
4033045 9316936 8616512 8438203 289884 1663104
7322255 1417630 2814058 453296 1339756 7884415
5978609 9155907 5349977 5578530 517286 7938054
4055264 5983989 4652236 3706336 4546625 7999245
2286391 3062230 3895439 2176663 1031077 3755686
1234535 7888015 4457804 5173753 1711196 2444523
7134918 5810291 6255841 6362800 3540216 430346
7160729 8004950 2277360 7733166 3575455 8384342
6219356 3358504 4539381 2108353 3505949 467412
3719482 326708 4770311 617267 6151812 7227653
7767665 5145591 386553 9058372 9218761 3451740
3426611 804855 7444711 2905454 8443611 4706995
1682213 7692463 2443773 4221889 6545607 6541675
5721884 4553224 9486775 5511096 5957306 7672572
9216304 9126181 4382066 3990391 1454271 1384487
7674212 6517651 9658479 9028187 8595135 8394624
43793 8102356 8786188 8825620 4306555 2770600
939630 3313902 4914892 9832386 426139 5813486
8023639 9497592 3781101 8228636 4895382 1598587
7740877 2256568 9188285 2713980 9842068 92580
9069673 9436220 9350584 6060224 5231241 1925960
5048516 2654025 9097327 4049148 4178096 8443250
7755486 6896264 246669 6716175 4571465 2643403
2757679 9383918 8700041 8568580 5966751 1956678
7603385 9445576 1622268 8059891 1287310 6338567
9206338 7329813 8260288 8693608 9755946 4870334
3420015 4879406 8082660 2988932 4783869 7772113
6716158 3974490 5319496 5337851 473150 7999118
1351917 1024702 7685102 6544881 9956300 458150
1392538 501093 3469469 7393905 8456838 5785665
303692 6988624 1366715 2758760 4842810 6848283
182961 9061877 7140317 5376335 3296159 9692059
4560743 9768747 4600048 927927 1852421 1992260
6637182 2265534 8972426 3623149 6707973 262607
8653464 2661457 7373512 7802138 7301070 9254852
1400865 6026110 6422567 2296995 2685240 7795244
6405398 3957398 9131680 8471213 5154889 1411272
858800 5975582 7728543 7993043 1984138 187552
5858101 464610 8648671 1477208 756723 6191304
6813239 6680542 280650 1104108 4105296 2181352
9474770 2380823 1760807 7885464 3975469 7270048
3269491 2263748 7083507 6804803 4522529 7895023
2860579 8165969 7110644 7561153 2764349 732391
2534064 660420 677319 7185960 1944036 6836459
606181 9923656 5269386 231263 5483755 6004698
7514593 5301289 9852101 6950328 8996442 2774066
9650465 2973335 2000113 458494 4723552 9720389
3104045 9053297 5942081 753647 8616629 2590754
9080660 9252085 3916192 9548259 8570044 3444875
1504033 2288810 436787 4924347 7279283 4051813
2000662 3038227 6779992 1078809 9290210 9221239
8042921 5910251 9169526 4336578 7910688 9791013
8732278 2075569 5936867 956929 4081914 2890738
894378 9852533 1307027 2678632 1150603 6231669
2088505 7966333 6731245 6407226 5446294 6707632
2337278 4726117 5694052 7948299 8457832 1685324
2940397 2025235 9763087 6720841 2710725 2706377
3421228 4744082 1341397 4125179 815981 6494474
7508008 547104 8206895 7546048 4029969 7426750
2744785 9322029 1887624 548322 8990304 1323876
2489994 1635695 463956 2461894 1999299 3184570
4096961 783978 3617737 4251542 8016532 2056679
3127650 4173536 7141807 8600649 9257404 6406521
4890271 7963325 7150352 236771 8899218 4899190
8500736 4791229 696148 8267301 5203513 9135802
9797700 2392074 3034931 8439211 4230847 1075029
2242420 959333 2744782 8156827 28217 32003
2876736 3256465 2530571 6150216 4418398 9856432
284942 4144136 64625 5481103 5658050 1026978
4173523 2253222 2736477 5564766 3961157 7208069
2488421 5829659 5580464 4481934 4453842 5624458
9021747 4688438 9942689 6066777 6358228 8298070
3661738 6733444 7935108 7118348 7360034 5642752
2368618 2350520 372831 839716 7982359 1059377
9071177 4316596 6734023 2007953 4265687 1977624
8338551 6677654 6998176 5536712 5668405 4198558
4451539 8394801 8802622 6906113 7128468 9729959
9913742 4218164 7785907 1766554 1819365 8924606
3091870 7055175 4893187 7093725 3196147 1610636
6835237 1648705 7847300 4521086 5410757 137245
8890434 7013794 422751 7965064 7728225 9680574
1299893 8125025 1065038 3736550 2666809 8965233
6840129 5462505 5222051 642872 925973 3764194
3273469 7304623 2497231 7809416 8916082 7210512
7084437 1244826 3481507 5387539 8701475 4019699
6351257 9930452 2984044 8665377 8015678 114674
9307208 1948678 6489938 8105333 466660 3694339
7859567 9355320 4388365 5927954 253595 7733642
6388585 6192364 722732 4083105 1247617 8106134
7640014 1081018 8097711 3212238 880627 6483399
6199066 5912353 9423550 7045338 7385292 2736357
5981189 8174752 7446826 5107377 1335664 8977295
7274256 5168135 6837962 8802892 9949849 9560762
2822146 1156483 991231 5747865 8998954 2509110
3296967 2268152 8682835 4877909 1025363 6934660
2016962 6094969 1068050 6539 1906266 4554306
4270789 814228 1970027 1652008 9946765 2078842
286815 1281207 4856700 1745437 6808849 6079481
1268172 8837121 1131168 8536949 390091 9724144
5492167 451201 6913399 6914439 3748371 5117140
4053521 1103279 7149389 512165 3090415 5240695
7909244 7267717 3261868 2283655 4532102 9135620
7590734 1170138 1209718 8912389 5461049 7717746
7652410 1551530 5459303 2603353 3609737 2188241
5803491 3480012 5704878 1343906 4514371 1455065
7640907 7356349 7065857 6852887 7598486 8843485
4929452 9774649 8190792 9616005 3836192 9541131
2817612 8984516 4305019 1995548 946214 9219953
8514426 6579778 4990152 9195652 9262029 2196840
9657837 1450167 7493541 4961148 4708674 9610402
9535816 6565337 2753345 1806803 4642748 7175753
2069763 737847 3571651 2366232 3982936 5686399
9526954 8036405 7715337 5918171 9785741 4625221
