2000
8194030 9964222 6428026 7883154 3260866 7442788
8250920 9794237 7826206 6510095 4260149 9676495
2798826 55773 9230692 5242492 6164174 9939338
5249924 4448448 8450381 551166 9024239 6589717
5119402 2106061 4404426 8643356 5941070 3362504
4603820 6076536 7575013 6368531 9178069 7727985
5639372 5285222 9721506 3439202 6666149 1460314
6270248 9178530 1026509 1386317 8019625 3555879
3036144 7769939 3867432 1896805 8106403 3144832
6772057 7642864 939983 9838309 2763751 1154805
3038362 9607563 3853167 4463701 1906274 8183613
2101481 6430295 877703 1502707 9603119 878952
217832 1810722 7782299 6990066 4280917 9845709
5563208 3733085 4086435 848546 5607212 8171130
9495071 2707014 7970132 4430181 9596473 1535205
6788001 5801063 2521470 8566701 400840 7058585
7607147 1806546 7272255 2842895 9284835 1589330
2678176 1533436 8166820 2988479 1678973 6295680
5362533 9781991 3361946 1094274 4275100 9030665
7068370 2189815 4000351 5682036 4968629 9199260
213480 7671300 6833821 9342498 4714706 3802056
8357481 1651131 1409882 723713 9382919 2474371
2573453 2720313 4448250 2497104 8170370 4073775
4310 6506591 1028041 1674452 9067647 9814482
8173258 5693726 1525963 3490804 1498330 8211024
3058234 1925110 6837916 8072994 2629415 1613534
4755508 3335678 6818730 4364763 4630998 27841
4885798 4638820 399071 887575 8520820 1554787
4582415 4571265 4019445 9926576 5677726 8462037
8171219 8539028 8603653 7019339 1169239 9020979
2276093 4866677 152800 3198858 7665479 7457809
5636454 4500459 90897 2834715 7741595 4834692
7255045 5639546 1875593 1000199 6788653 4428827
9415411 7285683 7172905 9971175 8908389 6927065
4191579 3131658 6247383 8375878 9901775 4090386
3009881 7736169 2166439 7797750 2088670 9764321
9875041 1686939 6973341 2941262 5251121 4020361
1463889 1747700 6829670 9184753 2671531 38180
6586444 7171019 1750374 4174826 7603928 3883555
1848074 2304917 5958287 3225735 9007279 4533820
1210425 7260575 4598683 6000511 9824833 5425
2668253 9457294 3550875 2111272 1125158 5101713
7455485 6474148 2034562 3152543 8507286 7160688
97395 5006826 460127 6209203 1789434 2730755
2340012 8835055 132241 8282883 5949676 9783753
3806033 6649306 2679660 2439520 1730836 7990545
9421678 5463378 1922866 6824244 6516499 3214236
6487304 4475171 6045861 6648660 6719340 1129779
1848992 8695530 3797630 8797599 3128340 4000453
4073693 5001221 5471140 1867928 3660498 989778
9873184 4385369 3507618 3767122 8305239 4475851
2422053 5015965 4743312 4044016 3730865 3043908
5237822 3273150 8490326 7245890 9721899 7314263
6684893 5691351 2115715 9002461 6433890 7254145
5986122 5008433 3520965 8679207 8365826 6729614
2519404 7553750 1802879 933087 6951059 2131130
9706618 2720182 6169931 1570009 4226607 1703374
6386467 7804975 4964664 753722 3559776 9855189
5510126 6827803 5279322 8156877 5183034 7969147
8874063 870722 7951479 6253472 7780999 3296805
954886 3742845 6650139 8013697 1524612 6177115
1241029 4304734 6322091 6359196 7539272 7001716
1144331 5114883 1464744 412340 2615994 8628914
2289480 5232400 1448656 3665776 3169080 1538023
1450292 4362527 2370715 3833732 2059024 6080336
4179651 3453145 4939183 2873125 615123 483762
5053235 8372769 6280363 8787549 9512692 9255042
3533098 9150930 9288530 8277606 7012545 68150
6504402 8461722 8254728 9322564 3963991 2548598
1848149 7289110 573764 5112115 6563405 7162084
3806399 7407297 2245709 241754 2179545 4086126
2062533 8271206 4499760 980982 5359105 4243225
2348550 3501931 5719707 2193614 132678 4018150
2249492 3172686 7349981 2302565 7329329 3597302
7825608 4857086 9489154 2390584 1024976 3326013
9909997 9941119 1809363 9118278 4981150 2105395
7009333 3291343 6971385 5202404 6215072 8741339
5568390 5523420 3102616 4011502 6974013 462060
6828890 9654534 7156431 6555614 2862622 3390719
9812103 1503834 77968 8648406 2416146 7322458
4596972 9671948 7246229 1173746 1070984 5417986
2433861 3230272 8520780 3614312 5184281 6841335
7046764 7047088 6957613 8608642 6734175 1805908
494686 3814105 7883073 9027093 5561694 1370441
6169581 3354383 7078496 8418644 9306175 3477316
2027427 8360926 875196 9648927 605431 6543123
1495109 4394643 4452436 7684629 1577641 3743741
1941279 3214578 4470253 315096 9508849 5815534
6433105 1203460 4769659 8272060 8153720 8602040
9439385 5569878 4110254 5875787 5004164 7716601
8339489 4015217 3924096 5043464 1586884 6823354
5966138 7397837 6441657 414489 7113532 2339531
7353471 2810056 2236464 4139332 7085814 2347115
6900188 5854485 3845533 1262962 1985538 8102715
8707656 3755367 207206 2273155 209542 5035553
2432869 5619322 9390478 6735835 9345140 7562424
9819645 6897814 1627693 7646898 4348958 2111012
9373877 6018616 4089928 2430127 918588 5343663
6365576 5300053 8484064 1763138 8975599 9149679
3871067 7076527 2029678 5821381 6335807 7831517
6616148 3692982 7188294 1406104 7981620 1494210
2949052 617636 3464916 4674040 4319686 187999
719422 9253289 1505526 1734520 1889085 5966922
4012786 6277529 2836779 4863542 5907579 4909489
6551488 669730 6643722 240798 2864767 2268612
5532745 3998263 562006 3796176 1030750 655975
4922718 7967773 8036996 2595717 9481074 300951
1878747 1691535 980366 8296064 1043716 9722310
7644152 2136547 5187442 6062756 1808594 58278
4994737 1752605 7785402 2278805 4854615 7311889
4850487 2708253 7752868 1196304 9141294 321423
9625992 6923245 8222538 849551 6811802 3921311
7929925 1417068 6796454 2535827 2984795 4216043
3929123 8255424 9626014 6921412 2596645 728220
7081169 9469989 2189669 503728 8801438 9278145
2870572 2643912 3113157 725106 7745229 6772821
2548083 682443 2550241 658943 8670071 4120470
1499771 6794601 5324744 1266130 8132830 391525
3261824 2458910 8767809 3569358 8349682 6599191
7685875 7929075 111608 7024648 4115134 9671305
8131753 9122264 8121807 8944393 7978978 4167890
808153 7204819 3671838 23633 9987744 2302352
1665802 3270180 9585352 5505543 5421640 5802044
5403475 5815038 1337158 1798143 7241903 6342527
510335 9301213 4294230 6513966 3039231 9816154
6661213 5523434 6567308 2878935 2527189 9547807
5998663 2555378 8815622 1156854 457976 928011
6719686 3238191 2471166 6465457 1903556 5079502
7013838 2180331 2507435 4309563 1621172 8300095
8334146 6333609 1880360 1779279 8434058 8677765
9873659 4294187 4165587 3855684 3362420 4464309
5735043 8786867 742990 37545 9506879 2866262
6986421 4246621 5357061 409147 5078457 4003712
3871361 4044878 7397657 9214728 9500127 858900
7308718 2351649 3902262 8267213 4544789 6193580
7667446 4219384 4121320 137857 1283194 6163789
6762424 2864001 9875771 8006856 730413 3116689
4336511 6976293 2673451 9641173 7323141 7374551
2943033 7924999 1255152 7876648 7907917 4389179
1280107 658931 4794059 3306686 6546966 1010770
562047 7467830 4242077 4549410 2370098 5287495
8744941 6848564 2963426 9193272 3646722 2214455
4127941 5864504 3314464 4280968 4878216 2523833
8185448 7667545 5028507 6527710 5324179 6619789
4938427 9790798 6311466 9732140 8857749 624263
1369730 3455737 6317035 8865000 7444809 3262582
8874611 9787100 4606195 7385956 896231 474576
4411124 3749761 4278276 9040696 3748706 2043413
1074714 6999139 5780715 2270225 5121238 8879420
5982262 4034336 2143650 7622288 9610982 2579300
8976028 9012801 7990815 2339163 7823541 190985
5897419 5262941 8419695 51881 5406356 5091115
7917638 799491 6771313 4553930 2116586 1574418
2341513 5897731 6042091 4268053 8657425 1858609
4843547 9099505 8334498 7437615 2882737 3410472
1118932 1252323 176118 2026894 8409927 1883430
2483761 2071961 5926219 4087290 3143277 8485765
3623718 1022833 1592782 689599 4352586 4321746
2108106 1428331 1917750 569231 5280774 3713251
6537209 4707975 355375 6132205 7495615 8724036
1856486 8459804 2380203 5009222 8932949 4154033
4914997 5890744 2389564 4887883 2070169 44624
5648199 8254222 2754453 7556325 644334 7634592
265827 4153948 4746918 4012752 5329508 1454405
1492721 549700 5971548 6462866 5489685 3701951
1528054 6351556 4576345 7202182 2230804 4683472
6105562 8614495 2089883 7438748 5774601 8461842
1932182 7220222 9358162 1873125 4921032 7026552
958797 8980883 4063640 2720783 5866378 3341667
3977118 7843734 3130295 925797 3516500 8383248
8182485 8452131 401059 8687612 3359829 5718613
5468279 8446016 6023418 8070981 1450763 2029839
5544708 2827078 8379346 6285076 2080570 8109285
2096243 9619596 5628668 8944995 5504068 6508801
9638310 8807271 485177 1234678 3225064 4387069
1553176 5179764 5097994 3706635 9256262 7322470
8060782 3244569 3860393 3639549 6404846 6475015
1003134 2887816 7530120 2033801 7176074 3039299
4962320 7692042 5763164 5021010 8829554 3896904
2754580 9237490 2948062 3892257 9049301 4552557
5233435 4233600 5220952 1636348 6517804 6270999
6931844 1838073 3570815 1056875 8224293 8836000
4248891 8456693 3214749 9153653 7941861 2616252
8978680 7604509 1631197 7445878 6272358 5533022
8623905 6532166 6350209 1201089 952055 18772
4374408 4168524 4195267 9307836 8406114 2171245
1254063 9366786 6370011 1259121 5101956 5338000
9468484 3905444 9467748 6927163 772118 372861
682155 3600926 1295629 331810 4913577 1444792
2921360 7787557 7961242 9687930 3012442 9985637
9920789 5730755 886018 3552043 6682467 4055768
4640732 4941055 50579 1043503 7899589 8575074
6246240 7719559 2502552 6293196 7977393 2366913
6065273 1696741 5760048 5977348 518934 7351128
8723142 4042598 9254947 2750475 6386475 618557
4210003 1566133 6354343 6384374 1338331 9371201
4451982 5916440 7222977 5411980 2286431 5831062
322282 9638651 5701337 2720554 4085569 7194017
8942239 6628164 9810163 5594329 3622656 1315700
4225589 3943440 5211820 3534890 4828900 2639869
4800820 1890257 8554579 9432021 6833500 6333456
2220731 9861866 6381227 3131351 1841213 2060953
5143936 653293 9410310 9928986 5655066 880283
1649790 6002588 9957028 2060930 3808235 9758311
808393 8615673 7943476 5038642 2158785 7394890
4159380 917091 1087539 4583108 611160 396173
7276482 890260 2805150 9367880 499822 4223703
812789 5810888 4786950 7749209 450392 2969363
1905390 4296602 8288374 4331537 1885099 8826312
2682840 2739889 8082021 8796268 8623627 8217827
8389979 7182089 7703081 8986336 8971970 924121
973413 560828 42133 9014137 2652503 4764805
8075133 2281910 5502765 5733324 1248141 7997347
4971360 3059184 8165280 4974113 3133252 7862182
9106516 9827843 9031992 2261227 1900267 7871270
2314151 8480214 2266632 4587323 977900 3317733
6520622 1826452 6838917 3862828 6775796 9889564
2927230 2891253 1644099 3523568 6256404 9603188
3323546 6949515 1491748 84674 3824907 5564443
52546 3415866 4048837 9840899 9879820 9144127
1892129 8712185 8660560 2170862 6699985 4172288
2498173 3487809 1304009 2185031 9212702 9421688
1158430 1108532 6283387 8275715 2046883 241998
6218082 5582947 3571439 9428803 8937680 4950751
6379521 2229477 4655307 6702188 4534777 7562034
9268896 6679723 1946631 7694789 1970699 8063610
1229004 756367 6191268 7471811 1025395 2768594
8299179 1138514 7736813 2070060 8926244 2716374
9281055 1776830 1368982 3806838 3622816 4296873
5572688 2463325 9774504 3709809 5791341 4470507
9516981 5795984 8953032 3741975 2916135 2532979
7475056 3463640 9137833 8219777 7046711 1290516
4050730 8746271 4557552 802844 1129624 7799166
7213937 4309461 3303233 1938932 7421132 2757946
6193051 5462058 3056906 7649758 2122101 9507373
8289105 7519194 4965025 1720760 7954829 5229410
3815561 4557204 8222379 5203833 4595003 5462603
3578541 1061278 4730118 78466 9756107 4876545
9739321 4769843 1333701 1975338 6495871 1481880
1167273 7578049 8374852 6195085 7548923 7454077
9476073 9825298 1341538 9630459 9930671 9527517
6325490 2329969 791441 9328142 6987282 6572420
9576786 2010104 9714457 7840629 8360390 6359854
8027828 6114585 5705950 8180360 7910436 7352258
8173672 6313766 1023323 3483145 553487 376780
6854557 7620475 7008280 768302 5727760 4769704
4121065 3948082 1130606 5202601 3752975 7426137
4085104 411179 7782560 4761280 2398552 4485767
1767422 3326644 9217658 2014997 8167257 1434337
1748126 1295713 1914861 3989280 1456787 3616905
8504193 2842344 1776482 414660 2473584 9366807
9564139 8808484 6282343 4944753 3719564 4412308
5229247 2825227 2361609 8279812 4095256 7499257
9569697 3412391 3915214 6537555 1715723 7226843
1159122 4839560 9453218 5573943 9020175 4432047
2854842 131785 2491294 7513701 6698407 910630
5649654 3670443 7937595 8415753 5197141 3590067
8203423 6822669 9607079 4805349 6785750 5342029
9072727 3468313 7200457 4415604 4419583 8044395
9701690 1966637 1126621 4549639 9255538 7634024
9913588 3990196 9788309 1850296 2089910 3587779
1921013 7715545 6126820 1450979 2630158 424812
9561662 1153943 8215249 325146 8334132 4893054
7619763 6353772 8053809 4111188 6501215 5551861
7231590 8439238 5712201 4446898 7812011 4731769
9784009 1100015 4414905 303570 8502164 1206945
3801758 6353126 4732759 6019300 2884335 9070204
9215209 7621748 838155 6775644 4853941 3265639
9829146 9376544 3632505 6233567 6929876 2901765
9580214 5802400 7488980 4236447 4618706 3650671
7875577 7474114 9903534 1395050 1666969 1530142
6009907 9258091 2651779 7008304 6523387 1981006
160295 1600462 3469436 8983605 4895978 8879467
4713705 455945 3585297 2446562 4617752 8435467
1099264 3550442 4170138 1513139 723356 2699764
3717965 9565311 1734419 1082087 8143723 5410220
9166669 7820159 5954778 9308012 765737 5595849
613859 2820842 2853156 1651498 6073271 5329414
9432328 596609 906421 8609512 9522741 4162761
65374 5429014 2856362 1468067 295786 8116527
7360004 4496767 8534735 9952015 3290338 6958076
246586 9078207 3456738 8059216 9816935 7075819
2924688 5405692 9690208 7989447 1832703 1796910
5582310 9447765 7477170 8840724 2080810 126746
1793342 5108452 42569 7571658 1016713 2714709
2553858 7698601 7524372 7838251 1948008 6268969
7061114 661844 9530503 5895079 1404912 6995064
1872675 1373112 779674 3830602 5684824 4117049
4472552 2075926 3596310 1059451 5885756 848021
639356 8519280 2415957 8407988 8158672 8181886
6915507 2674927 8061494 742029 5505357 2118333
9551446 5086436 3457684 3421239 928333 1170858
2266407 9687231 8042852 482106 6968049 707697
9347072 7962740 9423628 5925520 3099105 8940787
9118398 1494407 1812845 6676351 7198894 3428728
3853011 8653125 2503171 1348617 8979572 8729984
8933570 1130645 5867755 8661340 4279155 598387
659364 1051313 1147592 2425452 8793044 6198525
2805168 157250 1551230 1708259 9060915 195932
8758257 989986 9575821 9120707 1623631 4010950
305488 2875095 7887542 28955 9568227 2275208
8667687 917790 707658 9312867 1548536 5837403
4839942 685732 3683584 8825241 5266155 2047792
7793194 6692946 2701362 5614319 3871182 7041644
1877497 2144752 9592209 2307239 2590359 7989585
9154162 9812862 9507014 1856804 8355852 1404059
2710845 630409 1483086 8872384 3757765 7875254
5490866 3492300 8608714 5713827 6868317 8375183
6512347 9933016 5723831 7528029 1327512 4930684
1309587 4691168 9003913 845897 8151458 7423475
2682998 6360447 8327430 2718073 158704 1735673
6330388 2983137 2329879 2279525 6114395 4635746
564705 8920809 2935181 4826108 123452 378882
8432930 6163669 5276434 1217025 5794891 2657342
2265754 1626133 8485350 4576329 547217 3664683
2400146 1864947 2478950 4059611 6189385 7397317
9547823 2772793 3333595 6873040 9383438 3885179
6045304 4232822 3818620 1088085 6963323 2406703
1995503 6483478 4567716 8625031 2412967 1987788
2147040 1465973 565556 5670087 452319 8532571
3250323 1754058 2435920 8665196 9879378 4249448
2156795 6505094 2731424 5537863 5278285 7350658
7045286 1559889 6780230 1391254 5171721 1562068
8838721 1177668 4662809 6078647 2580825 4063738
9096966 3775115 9451980 491162 1912570 4723412
6831760 3877736 2320474 4801024 3622717 7629380
1449259 7380107 4353444 9569172 8931290 458228
9675279 6457640 1205193 7217058 1579744 853077
5207557 755785 6294251 9003487 6831365 9274650
3869761 7171676 9173232 8372182 9568229 6104262
4797467 1665632 4592524 8008011 8706102 1400548
5030183 2244262 7937171 9150850 9941995 7791613
7208624 9269549 2246378 4204581 6403367 6123185
2858544 1879908 2195371 8598902 5283605 1156784
8429161 7828273 7046370 3045824 931262 6451041
8456147 3077077 7811878 8249181 4771705 7265657
5865704 1667267 7751537 9804645 2186874 9335482
2915906 6056706 813790 8502637 1794863 7561816
7028272 9665180 768308 3050047 5513637 7688320
3908891 6198565 6382027 3435739 9578850 877829
4354178 1984359 1312999 1486129 694703 6864918
9979735 8959442 4497843 4980720 8338877 4736100
8371648 3053899 9693034 2859888 5682996 9226898
342994 9926523 6033410 9484554 6017551 1266081
5682733 5406100 7563439 123557 4340289 8573140
883630 2429964 2088417 6873707 5450466 202514
8022482 1429776 5362002 3948872 8522902 2835420
3063972 2047551 1326303 6032207 4678398 2459738
7995285 1049003 515568 7155129 3092745 9652327
4844419 4869624 5966808 46917 5803396 5288603
9301478 9856177 4619153 5924703 4097090 5908912
2647682 1497940 7603432 9490520 4837405 4253219
3864895 6394121 1403620 3197989 6420581 3970000
9939778 9650525 727701 5103701 2128272 3291286
8057571 3728500 9337218 2436090 2029288 580842
4235706 7975564 5626379 73399 4647393 8666725
8216267 7139269 7950461 5417390 3384524 3180457
4856305 8504765 6211597 6262348 3290233 6698624
8248706 1646429 8449042 1996807 107139 6152871
4560902 4197777 7727904 1327866 7867132 368589
6571694 211592 9468651 7022590 5254814 6861841
8626840 3791496 1746727 2736894 4981722 9281312
6019539 4522388 6266000 7547243 247395 3623507
7079689 1795222 438267 2638594 4187383 382859
2131799 2238898 7868425 9473508 5512497 449616
938820 6888400 9272136 7581871 8845695 3172932
3711806 7833715 3249950 9349755 7635508 9498737
4951896 5511811 6664706 9167730 5977268 5584751
9886870 7013658 3950382 4104397 4248176 6071909
9930322 3933100 6024209 9085792 4890790 3015915
8993415 9153331 8278998 1297111 1798074 8093321
9175 8437667 5676692 3093068 3835437 2413679
373556 7729933 4159713 939529 7686698 8675571
3718153 2964068 6261629 2283674 9586638 8498838
6499234 6834422 2640224 3200226 7651548 4912595
7148722 4626013 2942924 234034 356340 8482177
1219739 3654784 3713737 8571384 9158555 7539600
9908058 6793802 3178220 1536702 3730841 6518243
1912196 8990793 6246402 7348637 5367639 1926722
6754286 6709741 9566693 9780159 4797877 4963651
5453097 6808948 786118 764096 5944345 9209423
9470754 139521 7373593 5677536 9719790 4031913
4961834 5146768 3805513 8722028 2375615 2792835
5320618 4962531 3103581 6121981 1288030 8660755
8666193 9800085 9258374 1016202 3479748 3646599
8915483 1439579 8856907 8750086 3118287 2349606
6753482 9143962 849456 3968797 2065947 3591319
9144649 6234659 9271003 2214488 2386803 220870
8121208 8032257 4334125 6773857 4459541 9835345
1860069 9331116 5520918 2125363 2097903 6144259
9951048 8454552 6659773 3726994 6762052 8280210
5175006 6211748 2028481 1455907 1968546 3231653
1943379 1351820 2896583 9512261 6977331 5053370
9389751 6451704 7413282 9037503 2894994 5447491
9312473 2141626 6980037 9021561 6890016 3787170
6828688 4628118 7046058 4705196 4017748 3611395
6931546 5417655 9472607 990792 7039482 6175054
8192389 6665301 6063710 1102471 4830478 3107721
6938762 2347807 2353785 467547 2735611 5646198
8730977 913545 5559557 1212281 4414520 4620426
1300173 6153444 9321731 8241310 4627218 7340428
6185595 7238182 7334072 9285187 2580715 1559675
5580763 8398959 9412221 1238227 845113 6229692
9383780 8210001 7311148 3872316 2082799 4542208
1433385 6361141 1892507 1399859 5974219 3104202
8051838 5719264 1003134 4852180 9690618 886038
6853323 9951079 2038082 8723282 4916876 7592295
5773648 7653574 9767092 794109 4886783 4336652
6233976 7492750 68431 9329865 1828501 6204518
7309278 7427857 4070644 4779523 6807925 8266077
5447921 4785735 1263963 4229869 1233349 6861450
556540 728583 8708340 8526183 4384904 894034
4191609 660497 3293125 9718852 8098667 4429224
4775115 639275 1474358 7555854 5165883 8481469
3035771 8721973 3890763 4798616 7542902 2262761
6815393 2073799 3143153 3772005 3275361 131141
6328332 1543778 6420225 2905642 237568 4158199
5628311 7707793 3107845 9174396 5138255 1168003
2911393 7590425 9329189 9641420 4407 6168649
6791719 7892066 9619851 2782494 1194098 2511376
2970687 5757924 3185680 6445578 1710790 2311104
7750880 419604 7385136 3161983 3390519 6554889
8008999 1869473 401707 7316158 1927542 7458090
5373623 3861374 3583717 2722759 1887222 9952476
2933572 7173973 2069391 6974504 6980286 5383294
511289 3545838 349680 3908848 9934954 4479643
972518 9182733 5997003 796740 1423515 4718651
3782866 9749410 4199906 2774300 1632420 8134933
5766942 9475560 5964523 2161761 7408870 7332723
8927658 247927 3870702 3233204 3512006 4536816
241712 776376 3439317 2001841 2650693 9844681
6205208 4100151 1934519 5922063 6343639 2744809
1461087 4576882 2437858 8865066 8939892 2137812
5752570 159272 5541552 3934457 1207561 7504725
9418771 8349527 6136967 3016957 4981189 9687026
608941 7739314 5670726 1460186 555028 647139
1279333 1781025 7098716 4355225 6569091 7532269
6200414 9844879 3131921 3219714 700674 2831988
4894864 62591 1308034 1732889 7480634 3352734
8995263 6307255 9568815 5934591 2583070 4301165
3707713 3188251 9118961 2247492 5313121 8604324
7074082 900 4021854 1790719 7585733 7158867
5039096 1397345 3590180 8009283 7734043 1362682
4372803 6199057 7648853 3304979 8122092 4918598
8378991 8876051 258679 2317992 2464922 4247772
1078324 5344741 9197955 2797550 647511 3380839
8413308 3952922 4531757 4527596 6145631 699773
8810134 3104145 2476858 4149167 6693793 6083289
9762553 985980 8573211 8206132 1561788 6384012
6652312 402734 5066159 4200363 3868500 6437070
8345644 4756090 7535978 9774081 712395 2240991
7960912 2241545 749833 209341 9595975 3781120
6830925 9845206 53426 6949079 4494844 5017947
2441739 4229824 2182257 4175390 2555438 1478942
5674560 2872191 3782953 2813942 6145237 244777
8314680 4212945 84422 8094686 6181951 1389540
3163795 9036052 2391749 235866 6188255 4452248
5333455 9553212 1390004 4792091 1375207 1716581
6330586 9703233 5907889 48211 1758623 9638675
4254813 4170254 2200651 6057036 4099520 7840203
8458038 5146970 6096307 505056 1894660 5383030
3696698 8736238 3663254 8663885 3785283 5458791
2626197 2205873 8041569 7730008 8841934 3002226
88937 882469 1496984 2066372 6483355 6442003
4336887 8266469 2454321 445746 3839873 2011697
9188888 7106758 4936532 4551546 1777827 1041284
8355940 4828399 7658551 6006974 1095393 2638969
8053326 7666701 5917950 449097 7422013 9552750
1597106 6524804 5328319 9198425 5968099 3217050
6343219 6391666 8663614 9654303 6168169 3628191
2928708 3250951 4896365 1651557 9474996 6678524
522259 8074651 428045 7000284 9374068 4013535
5343674 4081963 9787076 8858015 4013046 8816653
524053 3887789 844455 2901571 8848640 7315069
6683377 9990463 1138659 1719481 8208327 5386161
2377670 8701636 8660230 4030360 3078265 7844441
7742604 6401768 8191705 9239425 9926838 9347362
9124705 4596821 7150735 1314784 3854751 1886135
3429974 7485204 2378620 9846960 9130250 2280379
2783735 27137 4402311 7581295 4968180 9484533
5539864 8802777 9866323 5041883 4622614 672431
5353305 1313313 1003697 1942634 1115410 7611277
624948 1284628 3960951 1497093 3776866 4251818
164333 5368592 6135711 9252523 8289507 723123
3007541 2530709 9571386 6379850 1246624 3051127
3442130 161308 1433588 8707172 3699560 1124060
9481038 4082821 9974207 6478304 5961479 2541437
882437 1487339 6369793 4767342 9222012 7845621
8319427 1286642 6250271 150492 7416962 9599587
3348821 6287341 513269 9143200 2034341 2091904
1101045 8973454 66689 7952570 8500504 954102
6177688 1917776 7585068 2836891 2016054 9694044
4277611 3686028 9407113 3594273 8370085 6802168
4353329 8240198 3308697 1725764 8060423 9959981
6800856 3291637 2744345 1834001 5358350 7412219
610790 337837 2048479 7882303 5377259 6988024
2474748 2929867 2986834 5415690 8589653 7304235
260553 5482536 9270588 6556226 5872881 3730933
192473 9754548 7917255 3711101 4789870 3794142
8783207 9375280 913030 106707 1151713 5208866
8209757 4343687 6559425 172848 2226100 1678216
7645564 6395308 8308769 2419089 1119524 5440218
3815333 8937639 9650544 6004461 1465211 2577887
689393 244630 7418756 9013411 1641528 5603802
9494964 6899689 5547966 8254337 9099095 6001979
6074994 2368041 1778154 7777968 7205933 4245966
744810 87704 3256436 7592372 8910661 9477573
5422164 7773384 8635023 2477036 9895768 5852231
4143597 2778745 7910068 8335143 9417313 907083
7790110 9196345 2702159 955623 677884 5326411
6130249 9391227 7296212 2306790 6344095 8751483
3662064 6037364 1731705 5404578 5259651 1377506
9321451 3097021 1333968 7941183 3591247 3868143
6968779 7017927 7003920 9695735 4110739 6320350
8091910 7739850 2950727 871070 9987858 8009587
1543807 9789187 9409820 7930025 1462122 9519434
2181361 3115373 1429289 9883540 8814972 3858403
4120525 8739019 7519094 6532562 9013692 6320292
9573115 9848926 5605098 8834015 3986843 3659956
8322490 6434514 5280488 975861 4214879 8604244
5800755 2790993 6049506 3722118 3860770 5470463
1967686 1391426 1634898 1814534 5759822 475873
2438854 7085238 8202955 3145516 5575209 5371719
8801255 1559348 8726158 6630435 1297954 138931
2404489 2709792 5802343 5749863 9607534 5027608
4238945 1205499 8900493 2825044 4082785 6023978
7808896 398407 4878249 2048630 4564875 7622266
4685393 7758581 4089104 5129225 6395160 6901605
5457001 5176973 859304 9908769 2174605 2655531
9878086 9170320 1493038 5910575 1317629 1150977
9668120 6217822 1783891 6607290 7575588 4554322
1575379 9613809 3002453 2178976 5336620 5176801
493469 6752625 6994472 1103891 1945041 3539373
6049826 7275264 6314632 8900738 292861 4430560
4168303 4330175 9030893 6244962 2946958 4912465
4530939 1898321 9080778 3727271 2380510 8347052
5838374 8078103 182992 9534781 3553845 6781350
3899151 3278025 9840353 5682503 9415299 5421980
5661059 8774194 7225278 7953665 9860749 4042365
4836345 767382 5924961 7353330 2438987 3245412
5523429 5330417 6666851 8089988 7648036 3438299
6096023 6766198 4372115 8647419 5265516 3866938
3356381 6515044 3721418 9533281 5001586 7014835
4590207 8485800 4914876 3608912 583902 4172764
7687186 6577274 2037572 5038413 8890925 1613127
2422091 8485044 5639115 6937579 4011352 8223428
114499 5809162 5629988 6402054 9586479 2649101
1049865 7013640 3508677 3358340 4597284 3345704
320946 5303064 5765795 8910125 2763123 3953187
8330536 1914516 4746514 2494087 402802 1070762
1400726 1057610 7875272 2758987 6225328 6780472
8227822 6418801 2503692 5497990 9418781 9192424
1384847 8188153 8899320 2265774 2559047 3570262
664086 4328845 1979990 8691867 4717466 3587861
5847332 3511965 5721921 1685928 8607043 2096835
3476913 7620412 5406360 4559226 5001327 8528868
4773829 8290878 788312 6728204 5130518 8178482
842012 4822956 5884282 6573370 7525278 4574969
5053866 6064762 9355469 1176251 1830000 6073956
9090772 2708859 6340143 4287411 6911654 2713362
1058551 6541893 7811758 406856 2021076 1798369
3786063 6825621 3186825 370451 7491945 4268168
2781950 3935881 9198327 3801507 7849855 9894510
7703578 9273961 5986687 1146951 6632062 2542280
2741366 2300661 5790412 9332403 5468454 2292468
2188724 486417 1379224 8074949 5669653 8588624
366724 435156 2801880 4085913 2787307 699657
1388144 4683414 8572816 5087301 8394301 7894118
6875628 5289264 4859003 6445633 6583833 7637692
6726675 9911599 9909831 5269477 7665489 9720414
6007957 4453659 1357167 894357 8181726 7005527
2888944 4707000 8266228 609702 3434782 7414699
7092629 3617664 6486654 5287030 9758807 1948648
3969464 7654065 3906360 7896293 2456775 179189
7433464 5743091 3902584 3741531 1348274 5758053
8678793 5097247 2769666 3081466 8077956 8333647
9342490 493786 6501687 1567288 2198356 3687300
9627889 6265925 1854481 7444304 9353003 2966168
1151037 1439644 152792 7961183 1300012 11424
5814053 8111663 1996884 1177977 3460892 2438635
3102943 9147412 3358725 2508174 1930909 8337535
4645033 4011163 5539708 8153007 5944540 9265020
5446960 2402175 5455708 219059 8268403 6190849
8324707 9989160 6390087 936415 2590493 9908629
5605260 717610 3797234 2758241 7267412 9966293
6336762 8164512 7032894 4063051 8464345 3050944
328574 7119715 4335016 3516945 2799271 5341840
7426460 2998030 5495104 887772 2514222 8897837
4555716 5594994 9843259 5806035 2853269 3471732
6048548 2166527 6556919 3450096 6902914 1213298
4540301 1886791 6743751 5573414 1816244 7780027
2232126 1383908 3937830 2404764 9890484 1148688
1855832 4807762 7189888 1048247 3509954 9592462
4413525 4717487 8203387 4899396 8202525 1672417
123033 530726 5311242 3561161 8014503 6297817
6494025 6878478 216800 3121717 8976644 912479
8598088 1853045 1181785 7715076 8655646 1130313
4960007 2150951 5704509 8694571 3950203 8045507
6281844 5000301 8656573 6964456 9036570 2185426
3009910 9640904 3684266 5071333 5450381 1285518
2468785 8670964 3369405 7640013 5910739 3012006
931887 8734114 5831117 6277408 2450158 1656908
8410677 6698448 6061841 7073074 9939389 6051573
5967908 1428462 6580523 7265734 7279317 3014202
7641244 9529569 7841908 8031374 111806 9335740
7228213 3526754 6402664 9896267 5246291 9984681
7760908 7319993 6240212 2692503 7762683 5216088
2214390 4435 2550142 6999664 8553778 2338122
6123584 5936836 9701514 7632692 9103425 4021919
4704994 5203050 1391647 355202 9998769 6381170
5170097 2900512 8622307 6495377 9049194 8923403
5254244 8514409 1452156 6077159 9312165 2619395
9811360 3275405 3665778 1364435 5051344 7274881
464060 641579 975790 5503785 1907789 4174970
9634225 9595521 4423329 2380744 5191272 43241
8593034 7405705 7321224 9859042 7522405 4862170
6593780 5719012 955240 3626738 1745419 39369
885965 46425 6624670 7082118 7821332 5828019
356141 3340559 151705 4116765 9891142 9357189
5405379 9666312 992722 4447337 6861151 9453673
4500074 2873500 3323136 1408915 7484124 1906460
5298170 9952318 5752999 8803607 4770654 9332331
6319641 6837321 8896160 936421 4617820 1861364
7550299 2552106 1774189 8595310 2024603 1850713
9891535 4476268 7514562 7964035 4453662 7856093
3869447 2146442 8857860 1501566 9126664 8871919
6716232 9477049 2562300 4718210 1783947 7869014
75019 1552533 8569905 819374 7797124 3053821
461028 4468958 5048491 9131358 6897038 4309045
7679484 5904764 848897 1472423 1517380 3007856
4391897 7334135 5498655 7896906 4934159 2624211
474470 4818074 7710657 24241 4220188 5140771
9299063 2832088 768159 3905174 8520290 472069
3280808 9072161 6679144 4460741 7503006 9984703
2807601 4738089 5249404 4548815 3822082 3221900
8023021 5243808 7959669 9554444 326313 4449812
2370358 2178113 6618373 5945693 344903 2979049
5343163 436787 248770 9907720 9832295 4064949
3540885 3774309 7384473 376827 8191615 2445219
6328712 9931156 9831128 5513951 5089305 196070
7374807 5925655 995992 4488757 2001219 8976380
7181102 9744618 2505775 6318346 1534816 6342177
3853696 7335114 8727258 3700094 9117577 7066218
9735933 2899881 4905793 1184454 1007929 47772
5837426 7646194 7052192 5514450 3225732 395156
4618683 6856407 7088807 6422303 8570885 4419247
1983057 854406 8435568 1272389 2726618 87676
1559174 7222539 2239493 1042296 6523131 856501
3717960 2628617 813578 2764909 5778018 2189423
5290276 6190352 4917725 948219 8651330 4355024
1924187 1666651 6518886 2110618 1699662 4678409
9253369 7431393 8764228 4308010 1717036 8263170
8630650 8463543 173262 4818117 9625279 3785390
7808279 4795129 1123063 6195691 1796489 597114
9581578 1853774 1078388 4899384 1132026 2380533
9501522 1034837 2203075 4080543 9348202 1059966
3568790 9448556 5522876 7561084 1788927 9091738
2092272 9409950 911581 2550408 4134259 7314474
2016161 472159 6565073 1132334 3139940 3856200
3231961 5728496 9870162 5921771 2529040 9845888
3600020 4353985 6299366 6383695 4806487 682198
6060095 4550106 9115341 9113296 1249326 176723
8262514 247194 3006202 2031325 4103419 2386538
9685533 7031169 7719515 3763914 2883222 659866
5815459 8369188 7894897 8346874 848582 3619706
1189803 7647019 6919516 5676987 3961063 7434941
2792371 5708576 4603462 229382 6490313 9584152
8199133 2902864 9222832 6388349 2869819 2892745
849997 1200635 1625076 7483623 6236237 5497870
2126373 9836106 1470762 5639499 568235 6437299
2787301 7713220 3701524 5495635 7923492 3602307
3257207 2585527 6286131 5571261 9238953 8394842
7783076 9456150 540856 8135362 5564780 9980357
1437033 9427109 5499368 5002151 7496877 9647947
1994629 3706179 1410781 1421645 3550613 4124957
5964179 7152871 5140340 8166163 7442081 8777092
5882628 2703498 4979372 5620525 3131142 284292
6606614 5278736 1961681 3230234 9700547 6780086
4957013 3991010 4271325 1490404 4202465 1141125
937930 7785150 216343 4053576 3501005 4217312
2191526 1835561 9034913 2161173 9607081 2086082
3254501 9616913 2014069 1763764 2252734 2861282
5000985 5816508 6295967 5215076 8395536 2218140
7686265 8764395 4005632 4630694 6464632 9559603
9853632 4473774 2950405 3999214 7228232 9656931
8560749 1829051 9202492 762059 3428999 1295581
1249378 4445441 5671654 9875599 9975732 83634
4766017 3193249 1738276 1410042 6489418 8385957
4845158 5722854 9389613 7998202 6367311 4736610
211680 7560831 5370928 9475310 2307541 5133307
9135676 9255286 2388680 2357138 3203014 423683
3658789 4238926 2387509 5000385 3965697 3950095
6546485 7810666 8788662 3921997 9864677 3271383
7821326 8443589 7984355 4564448 9154055 1505377
267317 562546 5461739 4465882 550378 5868167
5924652 1774068 2137900 538347 739922 720445
7694953 2408878 9990235 1314593 7751253 2250492
5998448 9844773 1757157 5439517 1451717 8556645
5947948 6289683 7696154 2099545 1653983 3863951
7148951 4571228 101230 883303 2089820 2640467
4961943 9192907 3688547 6519341 9075732 2191628
1812195 6008137 7070743 8068216 6227044 7455798
3281147 6506733 692336 5733862 8565999 9309282
9748220 4827800 9110829 6905094 8517933 4260695
8172012 3825107 120084 8273948 3389395 6168693
619214 6811650 319057 7349768 6352649 8558345
8561945 9479106 769040 9565528 3627321 5443579
1485901 7879731 62639 240355 8818397 5147250
3171615 1415089 6005229 791948 1135083 7262020
3529637 8056848 674973 9427851 8347328 5250625
2071543 3538247 2618742 902050 7449002 9415393
7136741 5931379 154083 2133990 7171916 9086892
8540241 182691 1200478 3667249 5419192 638202
4198056 7931656 5006709 4972834 5102332 1974306
163464 9827266 5676566 3057036 3820130 8295800
7883371 9134094 1131778 5518415 7493984 89074
2824837 583851 430729 647245 3103614 2887017
4993166 1037625 4243172 6918336 2251706 952391
6061542 9862387 2637656 36771 5229794 415671
243915 7098709 8435914 644435 738585 7621735
3738827 4079704 2111249 1858282 4250618 8037822
7955114 3021825 2688707 1111403 842412 4835341
207473 3550811 4828042 2119691 9979667 4064707
7731134 3245128 7575559 4724175 6995494 3957742
5658144 7846600 3904300 716106 5274500 395275
1653159 2180402 9845266 2808993 6908418 9023910
775768 3134884 6787007 6205349 8963221 9229881
8263684 4950138 9019975 7802314 9829298 1678982
5587629 8124223 7119041 4371207 2913300 7493456
46176 9014651 7084209 8153507 6200137 6404017
4133522 7239008 7747325 2293431 9458244 8662010
4990074 7398479 6642393 5804131 1343923 6844783
7277700 1525784 4281906 8345678 6460490 2045355
4937766 7855829 8017302 2225317 5128476 7150276
3276233 7281951 9267101 2351809 2762817 7893766
1939700 2622260 6934746 382989 2071827 1724213
1482555 5970252 5491894 357965 2812240 2430818
5036588 9783498 6780299 274258 7093507 1387516
3211550 1700497 2554161 5038854 3215740 8344307
8386715 1908204 2110531 597048 9017198 2176292
9394908 2638265 4635661 8748627 3864430 8721662
9910037 6894710 9453957 2557693 6863122 490237
6553461 4579801 5043589 5586483 7188728 5344978
369976 3001975 188443 7879585 9140259 1062319
5339604 6900846 9406520 8590438 1996274 163622
9613682 885507 6953054 3315601 963056 173974
7795157 6287961 5919067 8058637 364220 198797
1933558 653856 4837375 2063923 8485392 8635939
3300717 2800231 4719476 6765552 227071 6015222
1987848 1515323 3498006 3573342 3409022 6963584
9315142 1319598 4898436 9290334 2944010 5977614
3537183 3237859 3616744 4869615 7791326 900767
9425911 2311339 2637754 9989646 5946026 8486402
6224943 3275681 8415453 770581 5289720 9196042
5444145 2848129 658435 937832 1327753 9447733
6675968 4221814 2878938 8955482 8743494 9044622
5300360 2643224 7709845 8859760 8526740 5247533
5019195 8431102 5008905 3818709 7339640 7915731
3377467 1998201 5569297 5011603 7348398 133341
8548130 8544561 6029877 5702393 3846188 95881
5319178 2599350 1910106 4169011 8193646 3569511
8021828 470429 3567844 3593132 4689285 3302801
776556 7365183 4748940 3167920 5751386 6858618
4187137 1625436 5508489 2742704 7560364 9329551
3878435 1664365 6873416 2745597 407351 198933
3014745 9597967 8797035 7613964 3540581 5927389
3337426 850183 237455 1439393 5796881 6869211
4347887 9784335 7308915 2266495 4235046 9983215
5384400 5380209 2793175 9171259 1515255 2220752
4587391 2576474 5038986 2580554 290575 6529281
6696094 5276230 63077 3368911 578387 5091318
4505766 3162592 3824601 8821551 9830494 4901202
6621162 2747743 5828555 8639278 8394817 7776028
2020635 1611940 7429318 6890201 7361196 5027141
7405758 3843485 8082711 6576283 3026573 964106
888403 756872 559608 3708173 4743298 520650
6806133 978975 9205948 2217597 7760729 1072454
6158613 6562849 5549715 7891972 2550097 8767512
6392197 5948113 4181657 7262957 559918 8678635
9099963 9805893 7915034 5035935 5963152 6734901
7008606 7929483 136019 2860494 7933147 9073621
4341593 2912988 8004444 5307904 1833144 7415841
8570080 9803037 3851211 6356864 731587 798347
9477426 9513785 1293388 9315199 184085 7078460
6782448 3625446 196953 1880973 4608210 4937405
2605616 1770198 5015823 2471047 5208990 9831245
936435 3298119 8629701 6476093 3550379 9637108
763067 1084292 4114968 6765816 8692876 756880
4827423 2743098 9074306 7116686 5558509 6449366
5441512 7693407 7745397 3057558 6078045 4307701
8876668 2460619 8304777 3067039 2702288 62946
2400017 6099033 4594047 4019965 5420429 7433467
2168645 3001332 5963406 1656279 8552132 9099793
2963491 16632 4932569 9440072 7053549 1865111
5863099 5488929 6211688 8566456 7029534 7515583
2085848 7878876 7220074 4322000 7599425 1089759
1332330 7696027 8382003 4052021 4365799 2593843
6162833 807458 7322669 1640838 4948040 2557177
485960 3785232 9141275 8645604 94067 6061413
9375131 9436596 5407070 6439666 7203940 7213358
3851257 3833561 9069498 7078463 1934116 7541553
213393 7846645 5401907 4873647 323949 856104
717789 8911469 5650832 2338725 3277238 6246090
4542442 4222261 540889 3654511 8080496 3244301
8374307 3440243 7784808 1158660 4946869 8162828
5682689 4892664 492087 1168645 200764 532237
3524345 9084369 8873342 9781116 1427444 7101395
7155269 5612313 3461283 8285170 7927815 1182597
410580 7036406 6159358 9160979 1897223 2981679
6672469 196746 5753064 5825197 8704156 8493872
9756744 9054733 2899776 7239078 9190957 5431284
364017 9549143 8710705 5118595 8814380 4192868
7372748 4761325 2794816 3439493 6499241 2468182
9783017 89136 5512428 6602211 748080 7910462
2003470 6521709 2995441 7510408 4496175 4018
4779173 7699147 380213 379469 24372 2372711
4201619 9916191 6421355 8029999 7921153 8378671
2471891 5291985 8222025 1966489 1788230 7135897
186862 3232975 3697504 3284881 6042179 8615019
2981444 3154532 8306652 4989313 5235608 2669248
2435843 2853609 5052968 8706687 339421 1115232
3812654 6993279 4736953 422105 9237874 6583050
6046827 1753018 2167983 7133757 4130319 5456094
9688436 36980 4733478 5859543 7323545 1263200
6306513 1494291 1656968 1765194 7398024 6869839
4066058 9212306 4680582 3752107 5594155 5067544
3325703 3765204 4952563 7106793 8153835 4794951
2398944 9764756 3995101 7114453 7238054 4289161
6447035 5847687 9024212 2850557 5300876 5198628
7935769 6576300 5530063 3789767 2400173 8845130
9458263 2047459 9595254 7867113 6356047 25568
1902468 2294720 6158862 7100439 3808053 365115
503531 2581643 1883144 9938527 3460598 7558789
7268099 9192060 4256236 7367807 5318159 1550337
7845626 1215500 3911429 9481954 5816337 9017855
9537480 9535935 1365030 6107432 7648529 6106376
5199696 4531831 3408709 3969532 5211985 4943334
8130298 9346596 2039633 8659097 2347026 2719233
3315483 7997242 3115702 7971274 6521668 3208113
4588894 2090456 6729300 8044916 21486 5140546
6114138 2420513 6478382 7141007 7562958 4272118
9000085 4396098 4933113 5776768 4738830 8928767
4150080 3298566 3980074 9312902 9237508 5971563
9510704 9186529 8868474 1192196 6166470 7819095
5902153 1566206 3014266 8156916 1518538 5558072
9377076 7154780 4510344 8268162 7855393 2791471
8464951 989291 1783637 7767514 9659011 7950927
7786119 7538715 3258411 4186934 3821194 3223102
9228038 5275991 2852948 757736 8534212 834956
6272072 4921942 6254043 8659287 1238853 5996751
1257851 843168 2877560 9375040 6399692 7584050
4418422 5881917 5443172 1188603 847951 8248216
4187925 1743189 9527518 917546 3406076 8627754
4560684 1715218 7745012 9791164 8928878 6242546
2705124 8619339 8620567 3675387 1996089 2933451
6537428 9805664 9750437 5786885 6509663 8815842
5073367 8411079 1139023 5674360 9768512 7939276
7779930 8039435 4428040 4604731 6569811 6791022
1307437 5354526 1515865 7626288 4098603 9523635
8251739 1466687 1914290 6635013 6669916 7780352
8963482 743034 3885828 2509720 4651175 1042286
8497778 8401039 5233526 711676 5844179 4994997
7488731 8886323 1946706 9805736 2011234 889443
1814506 8100392 2049527 1829544 2367950 6641562
1417585 8911139 5707061 226802 7535146 5042975
6901551 8438353 1741163 3358670 6710877 9025477
4053447 5270209 3388259 3385753 6106952 8168772
1557496 595761 9510347 6520868 137556 5212279
7576928 8446003 9455453 1024847 4820507 8569523
5730825 7133938 8375084 7244265 1092135 5740035
5335225 8270976 865893 190550 3810124 7405825
3253834 4130061 2175445 2921229 5752288 6741024
7501183 8428752 1993439 3880755 272047 1772188
7131215 4896716 8773583 494781 2649873 9089142
5587521 5876703 3617846 3171639 7627845 9576939
650392 6809181 4178074 7648224 8050527 7835976
7302878 1366945 6785636 2104521 3267034 6007495
3036834 4655699 2693714 2714428 3523664 6391754
6576083 1850069 6861890 6602896 113050 6195418
6966452 4840444 5621102 1776750 4603029 7933420
3787979 82194 6502215 2598505 2270836 8943107
2562950 9852958 378224 4157463 6577876 8905101
4986551 5026694 1629682 2766087 7457946 7994174
6395428 2873092 2353038 7226091 6595555 5777776
2715049 4047496 6696131 7982655 681772 3210083
2214873 5526128 6763916 8852215 8316541 3184840
9505280 438329 2384862 3750607 151478 3670706
6013529 2418620 5272192 7956788 1616345 5086355
4565736 4200364 7382497 7626928 5381322 1729936
5580382 6561887 3486639 724439 9883455 8223340
2246975 4580294 9171185 7168141 1942589 1051748
2141185 6134335 6710152 8444842 3260807 7019617
5609311 2644820 2721614 8682332 1212562 4176935
505583 4758261 2431150 1609776 3416919 6481407
5827585 4587945 144806 5033980 3271833 1754654
9698200 8780840 554873 4161521 1503631 5571183
4499520 8845387 476030 4220443 5815603 5482009
8376202 6120894 939557 362880 2017616 2736501
9008321 6898049 5349325 9309703 218855 5125194
5792189 637199 1163375 2689778 1340556 7354644
906942 7107204 2862501 4955498 8746641 4479966
6464744 1447790 1141188 7150431 4182811 2367174
3700904 6285139 8942658 6949141 3233573 7296025
5541849 5464704 2570329 7408304 6025659 6373784
6405329 388497 8561985 5429678 8369331 866432
4407808 1809742 7504831 3121386 3313501 8708398
2619508 3420704 7374252 6459591 3898136 569826
1595312 1857890 2715237 2982150 5608798 3933715
6182536 8843048 7403626 3867349 7147928 5875851
4784314 3498637 1081545 6488717 8550169 8358144
5917981 1035065 3078458 274756 2742623 2373069
4862343 579518 2971638 234259 4329633 9812869
9921772 9082258 1566568 2000503 5812992 4167768
3658546 3423178 4779698 4628269 9247142 9526283
3462806 540458 4661813 1628979 8337071 9814863
7626853 6130790 4870534 9016108 541610 2863071
7491368 1320556 9115267 342168 8119807 5029280
962077 5948277 4513415 7590757 3945577 8065669
4309283 2783811 7685645 6913776 2830170 5126990
3578445 1289711 1787923 3552174 6811950 2202164
7711255 3233363 2242447 3156774 2607405 8198842
4942334 905663 8540648 8703497 4509135 4492435
5052500 3316378 5303371 9750418 3666192 3298865
5012868 5872049 6594880 6596144 7319696 5553260
2129218 713076 3300619 9743544 5437662 9251898
1075148 3939193 4508606 6913102 2630912 4886444
2786833 7805302 3340871 6314572 2648422 3039913
9525021 5605786 8274675 3193209 1861276 9513792
9823619 3828027 7623519 8489057 8539306 939901
5607283 1115111 5913666 6689186 1027556 1894329
4898222 5198790 5468000 9288750 7628348 569941
9983829 8139398 685466 416927 6963585 5860889
9957994 8698295 3223626 3554967 7071122 1713909
7278584 8936008 8851800 3786827 9919924 1609635
1628379 2586090 5399887 3568705 1305818 1515800
8972777 6097646 6777746 1446541 1416350 7449632
7571912 236270 7977437 7704734 3209380 3721877
8828326 9406692 6864442 1762629 8531063 9841010
7716274 2052316 4043988 4199757 9410602 2091547
3042528 1111394 5278865 3858365 7660370 5042258
5170054 6415124 6833579 9169665 1444149 865938
9083142 8511452 7281945 5773994 5983055 6834852
3736472 9573850 5726628 5129922 4958501 513232
4745193 9865749 4055026 5558876 5852430 9253502
7471811 4773019 6687044 4686199 8404013 304955
2170766 3713546 2575899 2935178 2534679 6794255
6888298 9658660 7962542 5998503 2679487 19611
2559064 1942280 6069261 7209136 463284 9836751
6364919 7912606 6152893 4765633 9113172 7794621
987232 9611177 562693 7580077 1697854 6671129
4178894 4396943 107439 6976990 3603228 2269508
4258952 801293 7039170 8932372 8241624 5299841
2550690 8746689 7186262 4035414 2999812 3910150
3184240 262674 4309735 6850292 8321279 491406
4152061 7405132 4600374 4781278 1947946 2923502
6231561 9308220 7960805 1291412 1819608 8282543
9912172 5582074 8339051 3799753 2950184 9661991
2797581 7432547 9670981 853052 2214943 366482
608359 6951817 6611365 6652543 4395836 1435179
2361394 7328602 6075664 9616032 2824928 6198095
7669133 9477673 8853346 4115668 2700810 8933403
7339035 1259277 6927080 8903718 4123242 7417737
5571098 9384487 7312490 4647743 4052711 888732
820425 3299009 5190189 4233891 4172918 4996129
6312136 9579018 4912384 6525626 8930017 4491006
2206879 296140 2757146 2140956 6130619 3472510
808644 8681912 4731736 737577 3514017 955665
3439402 1704641 2828574 9193628 1081445 5011348
4122689 7713651 3275891 5186931 8795607 9525919
1007905 3435241 5304755 3857217 7803531 3121792
4021019 813409 2329260 2436074 6696838 3827102
4660590 3430141 3253868 3839979 3839099 5370798
6156995 82847 9784992 4234523 794489 2468277
2167554 7118508 8497573 9901036 2402936 1216366
1215115 7019947 1500533 3231227 1133051 2695377
8167755 6951427 878381 1609944 6716558 2700607
8626405 1003327 5007802 9001472 4533037 7651303
1757480 282710 3874551 7905093 9029936 8712759
9740926 6773381 2640752 2836478 1689662 685023
4624218 4119983 8410473 1112893 1220958 9676890
2326569 1429363 2297090 558490 5672224 6887671
4492417 4547050 3366288 7084384 5608118 9791161
7460474 3166082 2585471 846270 8143555 2120225
7341814 3310022 7990011 2787773 3490300 4359669
54625 5331276 5261764 193357 6985726 2596575
4290134 7513511 9782369 5330911 6674903 3103673
5354212 1198989 4610486 6986879 3412676 4482886
5346471 2656542 1165263 2849590 5376003 8523580
8099552 3777948 5976427 6290247 3771078 7910936
1686879 9538796 7939063 7937421 503865 340947
1625907 4299059 7561324 769712 2794249 8094606
8792 2129562 6491178 9481797 5492057 6944566
7509739 354934 9897345 3507125 7441301 833757
3194406 7205035 9955272 6738184 2093805 3207777
6620148 7999887 3742432 1871432 3644032 7136107
5164610 7416791 695124 4269539 5360972 9113616
6921561 4576758 9862293 3070656 2840797 3246441
2032401 8617754 8285891 9031860 8780507 3416144
8013590 8179753 2097494 7105305 4743014 3298830
385674 4887722 2205253 4353546 4149564 4794361
4352173 8137360 8485530 9355071 4317187 8075266
6249442 3240200 4993962 783729 6585563 2864542
971464 123749 4364237 6708831 4705782 3476051
4921886 7588287 9219379 326288 3857841 5464278
5038612 8059304 2673776 7396293 3883864 473249
6908363 2568015 427194 5067931 8718482 4703437
4760910 2677329 4300567 210624 2782418 5540307
8422182 7229861 1594190 9232951 6133841 4619265
8934592 3676842 181940 8729202 9431660 6561276
5574982 4025885 4279519 3021251 4316458 6257882
5401489 8853148 9356335 4520712 3875365 4017548
2437348 5903532 1405266 9660799 1947920 2028453
9175483 4711261 4805869 3679071 1904106 6627979
3870087 5805661 1925462 8054510 8461701 207021
291309 8179160 3136355 3865918 9492949 4692597
423918 1739659 8360871 8042684 4809135 3929269
6183971 3901469 3354495 7576642 6795602 230308
3213998 9273792 1728921 8153487 9553718 4720398
1755406 1895910 2121778 7651539 9151163 8510797
4332419 7346978 391447 9149313 4229402 5696204
881192 8571429 6410583 6712668 9236881 208261
3667582 1132799 9902126 876600 7495099 8002636
3273484 6293445 9010058 1695154 4840512 9187908
8478099 2137822 8625442 8415956 2110512 7597038
2570819 2772379 2588495 9850073 3710264 7462156
3537821 7034658 9672067 7658290 6695449 8224173
3819725 6501330 36911 1520660 4485904 8420918
4818272 878805 4400810 4119142 4378055 2857718
9500738 2637265 2506466 1203539 671213 2091580
7070762 2465236 6460917 8813544 4141849 6464502
7619766 3817508 7422534 2439970 7338778 460441
8330569 5615193 9597995 785885 7875428 8339182
9150996 6957439 7651917 204523 3597684 1231706
3196228 8451677 8394323 9730776 349335 1072998
4955689 2334282 6363444 7580486 587528 4230213
1763255 5006180 2359480 3572408 3900894 668396
998384 2378302 3540026 3940368 5788572 8762862
3259722 8714852 4761837 4167284 2052542 3713774
4439662 6866238 8867552 5229211 5617316 5690172
8070178 7888989 3468172 6349536 7484280 5004496
4096997 750082 5027665 5367782 9022630 2869248
5979701 5578587 3056545 6983520 9206139 1219382
7691679 9255859 2663104 9631461 6471054 1634482
6311161 788404 281739 2649670 3140824 3721289
5362661 6534044 9388864 6669307 5502230 6011905
7200224 4648847 4894021 8535530 9843371 5038489
3735196 7891940 9692222 1892588 8187582 6473954
657229 7456141 7660099 7648169 7537531 6361456
3027067 8438716 1417934 1833690 38374 6695875
4722756 1447327 7609258 1306375 5121 2488586
3480383 9310393 76357 7044639 9783296 4557291
6325360 9156149 9412488 7624614 5896264 8579114
1942260 4418572 2600822 3807784 1992440 5684682
6061189 7714491 8996512 3027407 3642240 7063513
4593970 5366534 4610472 8198145 3812773 8396044
7429231 2428821 7886818 7203636 8412204 8877189
6397597 3612589 7672845 3102807 1322808 8381381
6948968 5402453 2542451 2838820 9891429 5619802
4095053 914972 9454886 1924575 5245186 2290629
3492073 452976 5668153 3012843 2450669 4416762
9946819 8127215 5343376 1016443 195383 3467443
692295 4738623 6006367 3723632 7410187 8379851
8011837 2958382 6391682 615131 6078438 8239786
4521061 1755149 5475104 8990670 4103092 2897801
8941158 5504655 7183635 5596188 3711562 7959228
3209035 3384753 1161920 3256082 3155988 3195593
3038005 5932525 5207070 9075008 2146525 5152806
9613435 371420 3504784 1075035 3912738 2286803
5898947 2876942 4374537 7428367 8491782 695519
8941658 956149 4024123 2445575 2075285 4690727
6283808 5096106 1027060 8047138 514597 4025433
7217931 4755754 9802393 3196088 7577125 145913
3032716 5446053 9608624 322298 9377235 3731671
9393016 7866123 1591917 4896831 9697241 834620
3584690 5780668 4892971 466400 4314423 2199839
9171470 592430 3857239 516343 2791199 7050418
4125745 1566296 9856823 9479351 3857103 9156983
2484410 2702859 5299816 4228623 4395650 3045728
1086895 8619360 1578914 292451 3052559 4209162
3098809 1386977 5398865 192440 4462447 4733929
9132462 6751531 441330 7602554 4024617 6984695
6288674 2516373 2654853 2558206 6196552 7810938
3874847 9913665 4009019 2434933 2412421 6994382
5534804 9356067 1385017 1847242 9379504 5695063
620925 8879018 7539870 9648077 7417533 1404222
1651552 3933305 7103848 5122894 346888 7105572
8715652 4881855 8678241 8315120 7939949 1879277
390874 8528689 2422807 3767975 6417604 3138894
200143 663876 8974555 8404483 4657636 5106380
3348911 7285219 7372026 4746267 6981629 5145598
9444824 6640597 5098840 1250630 906654 2263247
707090 8751953 9566776 6903446 3719280 7530565
8316140 7219683 1416118 9505740 1456367 850815
3272255 6852950 2461414 4400976 9447934 6753656
2429666 3247068 9275668 1997467 1773982 3061669
9733546 3969385 7900226 3532642 8870296 1299352
6780436 9140244 7622034 159559 3060884 7665650
3572117 3296696 6944595 1443990 88343 7437952
3690262 3843171 5828851 6521211 1474011 128678
2684183 5043847 7192662 8345183 8820963 7659585
2987578 8709623 6977971 6505106 7169900 9749895
9630338 4783497 8349387 116765 2725303 2316123
3228780 3112696 3792066 4795764 828859 6151237
9809061 985676 3158724 1837715 8307204 7930811
7232817 3212335 2495374 7771548 848458 3826448
4106689 8435253 319280 9962448 7171980 4351260
687679 7067010 6126795 7194700 1813652 5304845
9088565 3573496 1117867 3512727 3292430 8361315
6336612 7888419 4214988 1041425 8536122 7835287
4500860 1149862 402418 9047159 9272289 3957565
7254520 1858790 3935038 4522938 6010076 4290050
1996843 3266332 5940715 9440805 4108085 3761848
24441 2614360 9172023 7853879 2749150 4733708
6812944 3720090 9919904 4134058 1434935 2960039
9611459 3065263 9899130 2483992 5461587 6022118
3948842 1640519 7794721 2169230 9940179 9954862
1369806 4565626 7563420 6827816 1515884 26098
2420600 6895807 3780333 453140 1016983 5921762
8663263 6646981 8400712 5668710 2234215 5552198
4037660 3120462 423854 974999 4911479 2944812
4390920 9512850 7804744 9918597 5491962 2467566
5967126 7855211 2674180 9217161 6484073 8183523
7170288 9985127 2204205 9893806 1713458 4539127
9179706 9158318 2048280 3977368 3820729 8814606
7621405 8280132 9406303 2242522 8131569 6819717
9531007 394807 9654147 4618607 2436896 2003033
2221354 2502003 1403844 1312767 4486014 3161772
3247581 9446101 162908 217189 8498422 2249087
3347993 4143854 1407003 5884727 1795292 5753161
896532 413551 5692121 8990137 2297191 7211830
3061262 3724603 9723641 5854463 9686154 6089265
8529375 2551680 7548230 201171 7672452 9211455
3135282 7866938 4672304 8886507 729786 4374627
8651697 7404215 9781710 7157215 8894529 3987715
5412714 3646279 8599514 3900986 3722074 2023344
6310912 3231216 204811 4192014 8251504 761410
3438131 7393118 9759947 4073642 1687813 5946741
4700856 3146821 6471401 2195547 2749444 3928354
1080856 2010024 9683764 1317494 338439 4892976
7430120 5904046 4830074 5735925 441749 6039874
7489751 4628389 8829606 5524886 3890259 4441236
9006644 8943268 9615433 3910893 5448376 3336668
4614679 4578055 5716401 3834969 2456358 5747708
7516313 3217166 896835 4671160 2820129 1712049
2339580 4993417 2892776 5311834 6761894 2347458
5931336 7702205 6951368 3720072 6583891 7059423
7117134 9175970 9256561 2030165 3188903 3806175
4312920 7169962 6561648 6347095 6702814 5760384
9176574 3595151 3447687 9082365 8219612 7224582
5143038 2818590 1808260 7117556 3185306 8896841
1548460 3694809 2181374 7267975 7979557 7746171
6385300 894606 7994163 8656977 6717834 3280388
6491146 5486148 28262 7090659 358240 5650166
5150401 5992484 8290603 7132391 6135260 3166743
8899770 6848970 9482592 9726785 8577033 3765301
5251163 9999578 5990664 359720 481705 9494094
1624801 7044944 9190405 8815476 9961795 5808207
7766220 519596 6877316 167299 2591219 2733463
7196320 8052378 2460350 6158094 1967155 7192821
606238 4416068 7559548 9014631 8368204 1130587
8263578 6658514 2317572 4228862 3405814 6718256
7289723 6131426 5004442 534168 5465858 3313295
6459760 6334924 6030688 2482395 9366170 5615663
6289426 8732471 4257750 6749129 2530465 524654
1304950 9093068 8032422 8797843 9753481 6065637
1934545 2610170 8676740 8059817 551898 3303281
3490635 3537358 7113782 159060 2877576 6459793
7729021 6662151 2586520 9147054 9698333 5632230
1162133 8123843 5049897 1943885 2725204 9635733
6872836 1514449 4128048 1792918 2923911 4312746
8685833 8491880 6377944 8938805 8599622 2855687
4636555 8399942 5783025 2727406 8991760 5828812
8501881 6130365 5854894 7797957 9020107 5868313
7938134 2157896 9394734 2400191 7635709 1629638
1015739 9990660 9884965 9041006 1186981 9037448
9175233 1697716 613446 2801036 1473227 4385696
81849 8790215 8062529 9730832 4510498 1298390
9849205 8434726 9132083 9221085 3442003 6594839
3780838 9074879 2494341 8259734 3854783 766015
4918011 6285641 856170 4748305 7923066 8608962
2970722 5595548 7212961 6745577 3552173 7294043
5215365 5700845 4657138 1469198 7716108 229892
7805784 8207301 7647397 8096343 2550986 9200983
2497555 1794653 6548656 3290126 5260168 2112101
6543107 915498 7842933 9847431 7883024 5187586
3529526 5333543 867148 9453566 6760110 8914950
4085428 3103627 4882552 1838039 4005720 7741158
1937701 2311639 1358771 2264448 453950 5647482
3118617 6821667 3734654 1655186 2250750 6128412
2060305 9680595 335380 5100860 202469 2636674
9451110 5367933 7817820 9469552 7939672 2382565
9362743 8352217 1447190 8732447 4010914 9447358
4318430 659515 7788933 8807498 1352425 2948528
753330 4278658 461548 2195450 6728814 1061357
1452931 1874339 3082792 4738736 7393261 7079514
8579569 8984568 2901158 2245877 2386929 8637786
9923337 2468149 4371966 8976206 2901704 2101732
4200291 4386169 2810752 4287295 7336756 1591235
8339478 3252807 8328170 7386851 4347529 5923810
2175126 7255659 8639118 6756463 8016620 6065333
9299772 4624007 958956 4367676 152877 5026346
6546200 2072552 8272585 9151147 8884160 8884276
8576562 1777124 1376953 8359815 7995159 2342644
8250604 7165635 4537582 1491557 6399257 4140453
8751343 1192718 4637039 6977347 70751 5131270
9998667 3166874 4451528 8306633 9676433 8277697
1142775 9832614 4233291 7784406 7741095 5264204
3318650 9188331 4368646 9443894 8810289 2570405
4546857 3815310 9260499 6296474 8505858 850984
1527751 7808215 8224749 6818502 5616332 8960159
389307 9568853 2001801 3141314 9152479 5717285
4432747 269928 2100691 3099256 7217040 8162544
8109352 466198 9424540 9273378 8172906 7210926
9771806 9307449 2382429 2066633 2430490 6255440
5870771 3702193 4661016 3600543 6778882 1868217
52947 4324272 4216282 5273132 7395099 8172242
3262403 177335 35852 8651361 5011146 8540360
469714 1447600 6598270 1097955 8187121 8039660
1426444 2254372 9635308 1013823 7046695 6308882
6577729 8322673 7138362 5746360 7270543 5450285
1056269 832204 3491046 232473 3046308 2892767
3946261 2836220 3071098 1252298 6010975 7995571
7175073 1120445 4296303 3842069 1596919 982889
9657170 4772815 5515072 6621356 2174099 4524509
2232909 9039124 7277576 7907399 8695403 9072426
1033879 7516042 2906792 4585566 7595092 4178942
5049313 237241 8401291 3705503 7151693 5350901
4968561 174146 6243397 1639737 3838749 5926250
2012579 2735660 6725753 6155473 6089190 2497727
9935212 4434912 8658104 8966536 7999563 4007184
5615190 6038862 4140816 3998672 218418 8494932
5088779 2589507 3525353 117360 8792755 1359678
2581597 5951667 7621122 164171 1652794 1999953
8281112 593172 5200374 1351326 5894820 5959743
2346672 4878406 1426852 409064 4650353 3160179
5520837 6082777 2237677 4394107 8090312 1112831
1210084 969889 9955727 7748464 6550958 1249242
2400896 1895219 3942904 5366075 3573875 137523
4876604 9771041 2782118 6658151 685424 7406391
8806809 4263863 144042 8181073 1651999 5340012
7068080 4679714 7939153 365173 4596523 2709978
9122000 8187490 7861354 6508291 8954087 682904
2044225 532648 4042213 3951132 8950429 3999600
2016838 6980596 1304530 1289329 5532459 4879312
378060 8862685 5397353 4831285 5587297 3826448
968788 3029010 9317890 4615714 680383 1871243
3310088 2035723 7298696 1232926 6244074 5386384
2276168 8368313 816954 2099214 4613925 152775
3364177 4855677 5313434 6144441 6164235 4671402
4035481 5778751 9147254 3059840 9987113 5733837
7312624 4290715 2600193 4034905 5539502 5925076
1365014 7428511 9852264 2170970 641043 6914706
6700904 783911 736522 5918145 9013160 7164146
4062358 8278846 4248759 5244577 1467107 731620
8513014 4824347 6864775 4646487 580232 4901632
2723989 250248 2048609 1564858 3920301 1953359
2786191 8241262 2828810 4891877 734200 7185414
300510 1193207 4214633 8398727 9443536 5380324
3934880 8117336 6765590 1983107 8997482 1708267
1485077 2068047 2823607 1868572 5521891 715154
9060301 6718527 6848278 4950632 9446980 390795
4866097 5136046 6863609 8783162 3131953 771898
4335335 9170480 7544645 7063345 4944066 273900
6516987 114287 5380811 1484450 711606 2462896
8136042 740882 1252765 340342 79781 1852254
9129751 917619 2719371 2113655 5831575 4015673
337136 5349878 1746227 3823837 3532630 4307490
8516714 5151718 4985382 5993692 7647771 9827001
4163621 4421732 7123980 2549707 5351585 5407603
5334343 7575850 6006920 4385382 6814590 8706098
9138030 4525754 5056264 5011354 9653410 2214334
8052526 2221680 3338904 3528972 6726208 9594188
8527672 2693149 6581657 1073321 2967735 5559888
7477514 2142349 3093110 1425763 6176721 5658049
4728273 6580044 5566033 7311768 6779312 8255725
8008752 5951754 8535288 3040129 4685807 9006875
9251225 3505360 5498307 2771047 7941165 5426091
6488097 634649 7695523 7529792 4022034 2658436
8825946 4261022 4608115 447032 6907867 4672240
5612988 7712266 8349033 9398215 283080 3073366
6648300 740758 5442367 5083179 5520219 774454
1058899 5487543 8007341 7574781 1822095 9462375
61581 4706466 4201184 7667018 4937666 5542071
7962525 7198481 2558009 2907597 8485821 2518290
3647610 7561720 9043886 3863048 7427140 6973541
657842 9853009 3222279 2424940 6122746 7200407
9983724 1404917 5114429 6921068 6470892 8534491
4651094 1251164 2438926 5145739 385451 2201401
471056 7945969 2774599 2806961 1435689 3084599
515356 3740703 2254936 2924077 1435569 7958499
1730568 7195851 8060402 1033800 6916939 1969086
6240096 7636640 8583719 7000776 7683294 3532749
427642 1041457 727588 4023518 8256503 7234656
79363 8501870 7176268 6842484 3391991 9481171
4198941 7850880 8417320 137680 1909583 2382043
4945470 7059646 9969347 7155929 5190499 9275041
474088 3617294 4334225 469840 8905643 2748810
3617681 3470279 262675 9241850 2379319 394232
2357010 6491838 5484200 5020279 2844713 2933698
782230 4888084 3803859 8579231 6834858 9066058
3551765 6102416 5727056 6201676 2055306 623647
3563401 3271712 5850958 1452547 3549430 4639209
2900430 9609523 9596227 4427458 3224803 9921712
9218496 4957091 5471561 8023087 7780669 5417745
6897843 9925190 4214933 7035648 6373699 302415
5471181 1894857 6782435 5268167 6918074 2803226
7021753 7416004 1414973 9639027 5678448 9107606
4543274 904463 2942407 844990 2119848 3235189
3337471 6354772 1663280 3882147 9360734 1877766
3594496 5528678 8321746 309311 9303833 2130115
6408714 6527752 6898013 5548542 5981365 1654573
7856773 7632263 2691449 6793000 7405704 5808798
8506739 9579469 9278643 6363955 3479813 6876205
2475337 6052852 7805341 979743 3698177 18926
8639134 1589034 2534122 4904668 1673671 1389396
4481480 6712442 8112171 9284858 3230312 9150695
2209593 8994731 4923098 1287834 2988217 4487585
543739 6544471 8949067 5854481 5375408 9781265
2599123 7230541 2048864 1445540 7833974 3250980
4324773 5428970 2829575 6879086 6909407 4392330
9120451 2952104 5958591 1302053 2311520 693262
7696627 9221881 6349156 127947 4154362 4485082
1953107 1187502 3064635 3317756 436003 7153706
1069859 2784653 6213626 2752856 2305545 4443130
9340532 3035939 8878467 4861190 4960084 7801341
6321119 5330506 2085323 530767 2167383 36112
8528993 9241686 4232950 8255805 8157854 6153527
3432109 2471175 3076178 7563781 9492432 6646471
186345 1007017 4992967 5675869 5809227 4124754
8178704 6367594 646559 1515461 1961521 9275580
1814794 2835436 4261796 8547814 3806828 8823855
2399758 1422340 9020119 3028522 4788762 1194317
2920755 2814053 4626799 60099 9320747 9834369
1366951 1776750 3543506 2231996 4674845 3953066
2808374 645250 9521279 7960569 2352063 5799788
9389552 7013532 7280165 4957369 6441010 5322417
1891730 4884294 8664347 4252323 5164022 8070092
7626352 7157822 6218255 3798649 2755114 2995173
9497955 8118604 7046847 812190 148510 184770
5732074 9582798 8160591 308729 5739440 3161578
9302575 4439189 9070277 3220330 3638970 7775230
3914152 7963385 6373043 9304381 8168368 4436452
1170022 7114627 6612727 5473414 4605643 7517022
7734811 9009724 7890136 6526106 8462614 4233458
8752940 8577362 6865021 7095394 9225295 6858212
7161826 1583000 9144853 5502769 4949747 724833
8999814 4406022 3518852 8443025 9884497 4791728
6622130 193574 9950235 2610394 9642168 3033882
3572043 258660 4977154 643568 2573917 6729715
5271442 2776469 5976575 4836819 4467389 5061608
910208 6818757 8738089 9514830 2142554 6585368
5291598 5667252 2164879 5887894 6473599 199621
3998169 9291786 9125226 3098407 9903975 8269039
4283222 6142546 8935193 3831139 3523350 8966635
1881057 6518257 9009082 2415138 231327 2173278
4748258 4162995 9938632 8457244 7532816 3065740
6053638 7107299 8051019 3364867 7318795 3974915
869002 7684149 3785060 4777532 6645399 3282131
7604488 2173034 2872493 7707535 553596 8324843
6126414 7079069 3295407 9771454 7633772 5624296
7576285 2876460 5435925 9991601 1139635 2310603
260989 5540925 1758969 6059486 7044768 2796676
218020 918354 8823750 4960278 2962136 5839201
5181574 7103525 9872858 5726951 4810649 8058292
9300784 7040722 3609399 1613789 2330830 453747
9770333 6282184 9473526 2426722 5788582 4442335
8538989 877401 6544513 1474457 4516543 1104473
1523161 1545001 5128265 75816 7489515 9635241
9501092 1166135 4116932 7456205 4589879 530247
5751438 1849333 8065810 7377633 690816 4098913
8701204 8647199 3210095 1305222 6289153 762583
3323150 7791297 5129772 4381415 6421288 2084734
9294687 3707117 2586982 8768384 4203789 3265647
2930026 9224968 9551207 3974157 2112696 1164694
6336814 2314127 1692305 8943278 6675284 3939248
6376524 1161356 186585 2445600 2773252 5869343
7894378 217939 5255848 4365682 6752666 9698217
4505469 5119677 4744847 2032197 8161517 882761
7943265 6983054 7645543 4800162 4447606 1465848
4547705 4727046 6534503 2045401 4968407 3975026
9070278 4379871 1116013 1190523 8004890 5259932
1898149 6849087 933864 6717638 874005 3985850
8009799 8564344 2472301 9852989 9468688 6993018
6419846 4304616 4152609 809544 1000013 9692230
6293705 1576361 6713750 8720737 7897894 8046206
9334840 5848977 5249531 1280822 5295404 2372795
8582204 3314945 7114787 9484915 134048 1312430
9948896 1225626 6109048 3659693 6790363 5883261
8993546 4694715 5258357 9541484 5625554 663790
9822416 8260733 3379857 1423783 4896818 6428528
8546181 3177412 8951192 2887658 7382798 5025028
8736318 6728977 3268940 99506 1270785 6153743
9878231 6934931 4170568 2840178 860647 9774387
3583181 2634011 4785998 830488 9727190 3203179
2787848 9793355 223422 4585741 1458405 7034670
8992937 7158421 8418126 686258 938733 6956635
2361238 7061238 3842827 1084020 4923374 61385
2614321 8894040 3423930 9104614 9663253 8690622
6493222 6982237 7400086 3605470 7840601 2262806
1642530 7715693 3450221 5748013 99809 7589443
4801605 4150577 5270571 6234270 1106569 4112364
7735616 9191972 5996198 7213932 478940 3799409
5931559 2499161 7710637 4724612 8216166 833150
9779248 3683234 130102 1532800 8092519 4476167
9634584 5387466 9317819 6155319 9043728 3223040
3506413 6613224 6961428 6253383 6282415 772796
4790814 6380051 7787470 9311565 1368997 471280
2694424 9279289 6503297 3600676 7673910 5341440
4552169 6917917 9499526 2617071 5968764 6416574
7459341 3268805 6058058 794404 6599685 5719103
4794544 1580297 148243 2773157 3707518 3865715
6837980 9678175 6216746 6937840 9933798 1836115
3045679 467682 2314237 9658821 8838375 8813229
7972870 6033907 7713555 3976379 1603150 2125811
3723514 889342 644460 544853 8794042 3013609
4714738 3996409 9780365 2068367 4517020 9788700
323037 9921267 5571770 2637581 6762696 7995734
9124694 7614328 6984119 7663410 9571391 5501081
4102337 7800520 4430429 7244828 2821534 565778
8005547 818165 9977146 8022432 9049643 2818176
3221255 6293126 884133 3203136 2223102 5937388
2055749 977312 5950661 2525537 9335783 8917107
3241459 5335288 9271211 9717820 4851684 3988821
5141692 6060103 1317950 5143378 6442516 993522
8583179 7469909 1174875 9214587 4062819 3698855
9811553 2300605 871623 2753594 9416326 469569
7111601 5921557 5391226 1046730 5607660 8594078
9550419 1576800 8464736 5513322 4003369 7486245
1294566 8287726 5966480 5988325 2880740 2989540
1500225 8077876 9850610 9890610 4619956 4753193
4762513 2841162 6914492 2251806 2713983 7035178
8045484 487865 5918961 8801642 2606219 8930127
8597595 4094961 452442 2723871 5592959 4865716
2528786 3069857 3466539 3688629 7920020 5775093
7732374 3823228 9419865 7882083 1253368 1338450
618959 7220990 1301601 638033 6284217 2766498
1679586 7298612 8862816 1429558 7467837 3515504
1567284 2492924 5681507 7036353 7390729 8785778
2537097 8776353 2484916 4984893 7361824 1550098
1286654 1073883 4921142 1139399 4519432 8890755
7615312 163400 9234496 4580511 8182682 5385228
7628525 7959562 7810744 7685944 1044285 8294346
6002899 1099227 5602019 9951034 2121345 5427095
93585 696020 6432498 634087 5344986 2477014
8853533 5634065 9859166 9751503 9351379 5210333
7845355 540186 2779180 9972061 3814245 7304437
4281008 6986772 4310241 296279 9407828 9431167
975033 4851152 7732068 4190570 8981993 6262596
5948078 1335619 8952538 9494046 1045814 3823412
2458256 6981225 4818413 6757482 5726977 2548617
5526062 7877022 8608183 2600410 9840589 504098
5515166 6030838 7284982 8297582 5670026 5134572
1116853 9797306 1288191 7001330 9659053 493833
4744945 4662963 6652071 3596569 3803424 8015759
6257795 8351308 9494372 8955767 7513804 6833019
2486023 7523525 1259795 1761624 4770217 1530806
822984 8374622 5010563 7227969 8675403 2951155
8977614 7650496 5665593 3817965 8377192 1248507
2535220 5456925 7322172 4324579 2012536 1064014
5896545 1929492 4073597 592423 6342615 1489280
1009726 6559398 8517034 451962 5811558 8146500
3874777 9355229 5027089 9757385 6178346 1284430
5483270 7516976 5987559 3700916 4618955 6152928
2350165 2439830 9974116 8245864 6420547 2056878
9510847 8161443 5510988 195781 5865078 2840724
7457208 230560 2032007 3521283 6218242 2116005
4434121 8525651 1838937 7519093 9943188 9021963
6221418 2777834 9278579 6037742 8841309 4495560
5076454 2195628 7310537 7920668 8242258 3902785
1515163 2763861 138851 6460155 941115 7650114
2635511 3678996 3490150 2186364 2300176 5947785
9252423 1961986 1298733 3871554 9266795 6093303
4313991 4831072 2496642 952152 2024445 3642712
2778299 3473104 9320134 1015428 5119326 3669450
5530187 9536540 1988302 8129221 2006119 3454381
1977154 7973966 7584535 4188822 4883581 6264191
5531812 4035054 477657 3330793 6785318 6879322
3196827 1204900 2928833 1217233 3606677 3411185
1406143 563011 739416 6496138 3681855 7468010
8329980 1620083 8559669 9820700 6656177 2763636
3959483 1123201 9955867 7844352 1894399 1292829
8508767 125168 9947491 6232450 5420340 7989391
3165054 9447506 6687786 2440811 7818601 3914425
740616 4312953 5929863 8577116 6723078 1443108
2714964 5481015 4292110 116524 5858842 3263498
7704522 5711112 7378876 7714021 9371309 5662117
6923455 5352474 9310500 1636004 2708465 3481508
3463694 5173693 5142670 2750024 3331083 4234348
780224 5889168 3801481 4645243 9080083 2343223
6833773 5382366 4400122 8512758 5129387 6413384
7000718 8392242 4266325 6683992 8527928 9709227
610514 5451033 76196 1025668 5517356 2466126
4603925 9104612 1604488 2448354 5113422 1549385
6300437 9964940 2149932 57761 9336300 9969673
9462016 3059278 6631028 5035653 880248 3988942
1261995 8410696 223087 2897116 4635285 4316222
9215183 6779701 6645765 5433443 2139509 7880050
4158152 9754556 371812 1335355 41318 9975471
738735 4385418 268944 2850737 2212321 5164446
4263452 6942956 9055942 4296651 7221975 5468649
3078198 5574861 4570784 6087253 9763673 7106659
2243039 1706808 4469327 7288265 3233171 8333720
4903620 866994 7825430 4269881 5899609 9581743
9597861 8126661 3017959 6655557 4296917 6494829
3719998 8411257 6198375 5058640 8633664 7692328
5260279 4918531 9557726 1177115 2355244 6564647
3309265 8070898 9990883 3265153 9092316 8334510
5506143 3450470 1152247 1935224 7947117 1345326
7339015 9993570 1043347 9474199 4698790 9095313
2450690 6422641 1277944 8075954 2367255 1352415
908283 7184398 3073144 6776998 2027985 8314640
8775994 3726504 8511749 1260782 960615 7828711
9590860 6332707 9034345 4683449 1149413 846447
5342582 1784774 464140 4853048 7719624 8640093
6648981 5786080 219741 462412 8726424 5932603
5286703 5233311 5703643 8638468 2356869 1907917
5261365 8729145 1422484 2837607 3159229 4220612
2833576 6078232 9032955 3214636 9883338 8366082
60968 7767241 5273227 431496 2733371 582480
888274 6055234 9464773 4433050 128017 6241904
8094898 8313582 5000080 2579146 5974079 5727304
2125068 952391 3975838 7126428 9422083 2420268
9423962 2504975 8625544 6243528 2019471 1641391
9607138 3434344 5902741 1853658 401443 959183
659375 4855207 2499939 5121162 7750194 6301635
2443143 828314 8601127 5180580 4742708 4845647
9220532 254430 104153 3305651 1089567 8930947
4390244 2934540 8345157 2852959 1007533 228396
1956936 4644745 4035762 7823381 4825912 6693672
339162 6241240 7912138 4040896 1919771 1118871
3227364 7003906 3202197 7674202 4683284 8593768
3819141 4243382 7762267 3779896 7022996 1765041
1537237 6301487 2344776 6971794 7463414 7466903
2614026 7806416 3847673 2271542 3164225 3105449
2265872 4619761 6002402 1907454 4841417 8501467
6933509 5179635 8334658 8985282 78286 4085661
5728749 6716041 8251255 9751388 9033817 6764151
2466128 8177039 7621748 2270721 6286144 8524425
4348896 3367367 8777826 445234 1426870 4113354
7271198 955821 3839680 96748 5408330 63522
2591366 1911686 9401965 9260799 6846387 1843360
3430382 2551955 6223201 8259114 1243045 747372
9215647 2862637 8772598 7083522 9805414 4987186
5483700 9995151 8333617 7477977 7558558 1474049
9723641 6488275 3752765 4221303 1714083 9122464
245981 5632001 1307710 8187733 7160022 7122130
7362185 3205328 1330652 5778387 8840338 3734188
2301224 6089781 2124322 8030453 1229586 8564232
5340756 187676 1150407 8852493 4613047 5413179
1729904 5113388 4353128 7927916 9537158 358111
8090595 9209078 837871 7100736 8013133 5611044
9439662 1027914 5702615 1650467 9721336 6600085
3656534 9705312 1154812 4599429 5176753 1468777
9349726 1693188 5258689 5188533 8880547 1526407
7972056 1393488 1018953 5894531 6457829 2046633
2769002 9434269 3668170 972540 7687792 9631259
2896316 5200487 8076647 6513278 8590791 201671
2861617 3690288 466339 4550322 5195959 4907735
4258366 7130474 9936635 2884351 8578189 7843969
5099422 2902061 328531 9311464 9128680 6619645
4592091 3545130 4570085 3655981 8881465 287066
2931914 2683993 2017519 1523553 1703113 9976265
3392129 2836448 3102397 5057017 2326915 5190258
1060067 3421734 6197528 6111217 1636164 9327354
2109997 9884650 856080 5824200 5873118 4785730
9302728 3584851 6071807 1457002 1921187 5045660
5631586 9205635 4808823 179273 1618407 2511966
2890215 2734813 5427361 9960369 9492222 5741740
4741572 42404 575146 5138272 8251396 5706945
422116 8480873 1908966 5242731 1545983 8996814
9430985 7107713 6810874 7231789 2220825 8118261
3904458 1935126 915261 8056736 9425430 3121279
381435 880794 1803326 3685562 3221002 8901351
3899992 2149628 392428 5114340 1082627 5830714
4210584 4164455 5333455 364861 1034886 3440313
3136693 388855 7659652 5812009 748287 4510693
5701092 5658426 513988 7309100 6055910 7557095
4826478 6684836 616973 7453866 4756837 7370602
3903619 6736554 5259870 3007615 1342738 9396355
8604385 4316645 6025086 980160 3021204 8056369
2784806 3539597 900240 7474947 4920043 9036575
5461627 4569426 132506 7292632 7984469 7562576
8387362 6590892 6093717 2835332 287861 4397791
5213740 6756718 9407617 7962852 6461241 4298331
8180443 129078 9046117 8263296 7207623 6431641
8485607 4720932 2637221 2457618 4524293 2516313
6656855 7351531 1764792 1580398 1992238 187411
7238095 6610986 8752084 7697294 4620252 4751845
3302638 5769053 4028784 1627294 5766419 6264485
8648751 4821953 7078355 6601908 9294504 4790964
9990458 7198331 7361802 3700865 8807025 3263537
4925354 5929744 2066598 3577403 6178477 2936330
2632998 3633342 4764480 9220206 724757 9850255
5546247 483149 5508826 4294271 4960657 1438570
2402857 6858313 8954512 6372736 3808866 9702340
5437957 54947 8057026 6973828 1589940 4793907
2825608 3537230 7803961 5488547 2771939 8690507
2685246 9725234 9590575 1092454 8994295 2133077
1500005 9428545 4097196 7228100 1055661 8811355
9282138 5696186 2237673 5923232 1298008 1948711
4309024 8552618 2120877 2364258 8139445 6123529
4879303 5659170 2043401 9970572 6394597 7187527
2046293 57699 7711209 6818318 1609025 5235423
1847994 1310402 7864017 6821435 4872730 4380321
5605144 8209857 8999285 9245671 7691689 5893753
2556233 6902375 2239222 5855249 1179522 4219321
6569630 320987 1585788 3467045 6213150 3335125
89675 1529432 3033948 6909669 5181806 997961
1100145 2463820 4087161 7002250 4075238 9987605
4084694 7487589 3679887 7740556 6759114 9929588
7124243 5633632 7967480 6149648 7414339 9492221
4948304 6191044 8878176 3491888 248688 1288037
3649634 8380948 5097251 4528892 6731759 3343298
1346372 8695475 3028051 8001324 8145525 5227869
1806592 5553983 2827137 2251616 1770554 3691933
539433 8829073 3561873 1656200 6342802 579518
5367644 3940027 4115093 3541726 1961364 8990762
2119785 7608257 2215131 2799124 3352615 5694290
4890353 9555802 755830 336589 6394183 8063639
6901536 9122919 7488106 2739610 4343056 1860355
6665084 2696688 4420489 5186243 2952455 1419614
7726163 1993433 2038146 4517732 9161247 2791732
9228204 7804646 6734111 4037289 5881539 537268
3012737 9007467 2201368 7132846 7361262 2214752
2936103 202843 2434889 5498234 4754663 7219882
3091411 2628033 9596971 2254738 6876642 9264675
4570272 6933541 4655801 795516 5072960 1359181
3656144 372621 394555 7964097 1108385 8589537
1329528 2864247 3241380 6950838 9726873 5335588
9658986 9532237 5335425 2205736 2250140 2749611
8984725 2227929 7238770 4818263 1426321 6533213
3194761 6973466 928004 7469435 9467016 8947997
5881466 2217221 3934507 842186 3476702 6988641
1820197 4972005 9094458 3845352 4168705 1890415
3978501 6140573 2901160 4261382 2595751 7344404
3929249 2364535 4683401 1906190 1810791 2845030
4120411 8837880 8946300 3861341 4769336 4134919
7661533 3860092 3397230 4293382 1069372 7509652
1401081 8816800 6055535 8346784 385539 7278134
3655153 5139373 8059223 5348354 839762 5285747
3632052 8933378 4377714 3583599 3540185 7102480
4264596 3975276 406429 1089476 6721775 4638821
8042341 7958855 202668 4959539 6183818 308613
8493185 9685118 5071201 5391508 2860301 3778951
1288868 5582465 1978996 7405266 8251037 6671418
4785806 8772056 7998118 3660552 229289 5835958
9757204 4077933 319906 6294750 28786 7094096
7103222 311604 2095024 1416713 304443 2426684
7075466 8695613 8955554 7750610 6855169 1154643
214546 8240543 6073077 598763 2294731 7957720
5123484 6859330 5724238 3735011 6303669 7949718
6640703 4381789 7729566 4366710 5202335 2105885
9988706 2198435 9656332 7977105 8288286 2548696
1683926 9872154 5278022 9552311 329799 9555423
7715863 7035196 1916887 6843475 3446005 1988745
9762881 9158440 1783201 2362186 1171265 3169456
1369857 3368210 4007935 4145305 4776010 5922653
4697118 2708756 3493278 6849668 7761904 4656734
1498310 2237441 9952257 3524380 8914836 2422576
2679698 5571173 6529530 6168815 6019147 9268473
6032831 9797228 935783 5740820 4603829 6043894
322683 7626520 1027169 6486876 6607247 4920075
8540761 7538620 5096144 9355368 4855193 7621043
6062144 866195 9273291 7260153 5345164 1208564
2036488 6238500 243604 9360625 9682487 5600092
6639926 5201041 7349063 4739461 8112474 4978782
4986870 8956297 8104927 7449384 6526984 135384
3629564 5011434 5630193 5032181 4983619 1376215
7326432 3324329 715979 8908486 106671 5152952
9995181 8772677 4452064 9727219 3704332 8365328
5800289 962058 7944032 5427077 9846949 1406206
7571012 3801299 9426146 117362 4368498 5898896
9516116 8612759 4339210 9137907 3630589 333729
5578370 7004306 1254880 8867388 2034192 6358158
4884112 7731439 5094370 2196110 4744280 9339796
526718 5259650 5251965 9739598 1649094 5564925
2191352 8202486 5164484 4223987 7461169 1182320
1950069 7209070 8955831 4817083 9392370 1493911
813742 857274 5142088 4118334 4148849 6700025
7110448 6932901 8927866 1585874 542965 2115510
6311835 5374902 9057019 86349 9590644 9108847
646930 9776517 6963665 8774284 6946554 5428102
5169245 1354382 9543137 72560 6917319 4825122
7402326 67029 8339069 3600459 1382368 3887005
4197708 6408383 1110801 8551939 2629150 4716193
6637059 605478 7659521 3048974 7912151 2086267
2125301 1863720 7618426 9846984 4170152 9615852
4530245 2039457 3910719 9713986 8949089 2794466
7156888 7037887 15581 4102744 4183547 475936
3776441 2711376 3992534 5170013 5888640 3182260
7998045 2094991 7147367 2247471 2137225 6341076
7768581 2120270 3442231 7456870 7947258 5053599
7206695 7555341 5896876 8723216 9070213 9342910
9976285 4483722 7459294 8316334 1395050 5591262
4700612 2534315 6421930 7183585 9272533 5200775
8093732 6955287 5975079 4436165 1848938 2075161
2468485 2282774 9902231 7569643 1945404 6828818
9352235 9700018 9090628 4961982 6896048 6628205
4579059 5053224 3641163 4649623 5193728 1404918
5722965 9681710 699940 1556104 7546859 9602910
9919145 584995 2847737 8241455 9363137 991971
9078519 2770530 5706403 3821715 6254731 6787438
9440678 2406642 2538317 630476 8964099 1695032
6500633 9738629 5638266 9793724 2604525 4219308
1559612 3444109 1761559 4570160 8713200 2167227
1375220 912380 4735915 299321 7650497 1360409
3981080 1110779 336881 8098657 5883462 4125518
921802 757344 8798492 6853724 5208944 2787086
8866601 5092489 717611 9004908 5055470 7808229
3964643 125421 7980470 8628428 6681843 5919027
9230412 4508359 4057329 3539175 2446495 5342350
2051523 9141357 4756144 1177908 6649395 7853319
1358151 8401976 3855166 1512748 8871921 1847181
5420816 4705887 8235165 8974473 5703558 3620710
1449616 2370311 5856910 6927685 6334677 7525076
3379938 5352651 4428935 4417853 8868245 1375103
68188 7382626 8310848 3456142 4802200 6067586
8030941 7688693 8443093 2864291 7646757 6653494
3953062 2451895 1253499 6133288 3207612 1975956
7683862 255938 8804800 436618 2089559 76183
9485439 5123838 2806679 7231068 7797969 1296744
3424383 6940297 9533730 2480063 1444560 1489295
3536332 1964673 9903687 2167578 943531 8014864
5177617 8585324 4723554 9203416 2974622 3882782
6271577 7246650 2145039 2452979 6733991 8612306
2570302 9631569 5293067 8234665 3970702 9678362
3260907 799873 9890724 7146349 9439908 706459
7119763 1472998 1007335 9764204 2596955 1242939
2072269 5516283 9312407 789936 5259001 3504235
5352629 282023 2149215 8923897 959490 551318
9151704 971403 206306 921424 9909761 1812990
6196227 5301667 7993970 225324 8906671 143657
8124140 8031268 9145415 4017094 2083652 1501623
2875447 6507372 4649695 902099 380710 1217707
9299899 1780365 4372568 1788831 2882035 3688678
7529146 4337009 9840382 9339406 7994644 8468504
500153 6198339 1563236 9194344 3567976 7295287
3248968 1846944 6609612 9168749 2665796 7227733
4358819 1335535 8198371 647591 6048449 4452117
5901623 8249605 590692 8988598 1621525 8129396
7440422 4407396 2419632 4305292 2696177 4569661
303275 8784733 36623 676911 3516940 5885313
9938386 3681102 2939396 7354407 7653131 8533766
4608095 131149 9114569 7144834 7430012 1546499
5490307 6881554 8288560 5388264 3437782 9745039
7877811 1511555 4576813 3433840 1753922 9160580
4875654 8943675 9150766 2039950 8865474 3881062
7191109 3681907 7818595 2313057 709205 2367346
1512721 8547215 596473 2056926 4380502 1490375
9014826 295587 6977383 873132 8814985 5814622
6281101 4915010 5346951 291584 2799100 2005384
1308499 6504545 1927180 3778816 2478752 8709455
9382999 2568145 1265675 5233507 9953724 3748104
3727904 3177249 6172349 5921213 3875543 4890566
9148565 5820884 7131053 3086437 4419014 1458334
2183196 4002521 128690 3336143 5758849 3950464
8534111 6899525 882807 5813210 1004557 4204659
440165 7733905 6068463 1887017 2673926 1812356
224700 3781319 341862 3229279 7145228 5637735
9642273 359887 1039466 456384 1143018 6978215
4874331 8222061 2085531 468846 1595619 8476230
8580765 6046856 6809296 7315210 6699395 3054199
2865296 7914693 2172691 1967690 5481047 6141638
8822103 7261548 3146958 5318696 2861737 637695
1116471 8953917 6857293 4490955 3693870 5398961
2910997 8077726 5756506 3904592 938879 2782495
2119127 9971319 6138285 7592232 3306252 6627070
5003060 2909489 7081923 7287663 363982 9230535
3465043 7674583 4878840 4897828 1634280 3881469
3831257 9555634 5360324 1447836 9352374 2641702
1618937 4089809 2352986 1410334 4404213 8621668
7297692 8960704 6975814 9390196 9848562 5509727
3352 1229871 3955296 6519887 315635 9952247
3555771 3828808 8589934 7626758 1025912 6019287
520121 8013168 6443446 1875037 73335 1383244
7422171 671291 618945 3496583 5973294 9216442
4274084 3592725 8505276 8460254 9989970 1403278
2254721 4074847 7826020 9369112 4894476 404409
9926173 7311369 9239999 5408077 7892064 5523565
4051768 3992179 3063897 6333698 890213 6391045
2178222 5422655 8887369 5592569 1968025 9177271
4890782 6506769 5256576 4738853 2245803 6722910
1446970 5095517 3838837 7186655 5372037 6951064
8193266 1151009 3118691 6039037 1948863 2761965
2143245 2014093 2779226 5095379 9444814 1981115
6152544 7940385 2702511 2114230 6282031 4567315
2515909 6662151 2106822 8648749 4478329 8387707
5147832 5187320 5065566 2517088 3961106 2796547
1684728 6865112 8620141 6112832 8140432 9739204
3272353 6139185 3473792 6125403 3449324 9953931
6398044 9795403 7061954 3275460 8586308 4305417
4020398 9332739 8813485 9271522 4670746 8709885
4844242 9544516 6672679 4730984 891204 6761543
7696399 9626156 8052987 9982678 3410651 2579702
3360973 39711 9799952 2963307 8841877 142846
1093522 6390506 3212827 2152890 2250704 4682926
1325752 1872372 6601011 760148 8496690 4628366
3983062 2413205 2194365 9910256 1268590 8595916
3066525 8541369 5247980 6712249 8429003 3823167
1900944 6415365 6384752 4482251 9914486 8546596
4505465 1057091 490862 8670638 8177999 8280240
5497058 2691351 7293811 1989752 3405231 9018832
160531 6936251 1129466 3424620 5999616 997445
385336 3450717 8771121 1204036 9896782 300508
4894866 4381273 7961502 9389659 251946 5835339
8298174 6843500 1957885 8054414 6254683 7439599
4137503 5312423 4235206 3914124 4413197 8577238
1302104 1076772 5136137 6229147 6551717 1492751
2693701 8476323 415749 5387307 4096915 6463768
9775475 3301428 1160308 190354 3775772 3796725
318737 6107399 2439404 1458472 3691578 6561730
7060946 2106117 681568 3689866 9287116 687193
6762238 6471211 9037520 193883 9901932 8820010
5164370 8665718 7829556 6468751 6695957 1775623
5419589 2910867 2746585 5494117 8278939 2953254
6279290 3947149 1536651 438480 3595387 8305797
6137833 9843631 7385193 8574407 9168200 4445600
811183 9003834 9189206 9728555 8625068 7625703
7426247 9581591 3399495 2340298 5025984 5110053
5967169 3849986 9411441 663781 6038882 780711
3815144 1566829 3827177 7728313 7410576 5339967
9150541 6323757 2875824 731722 4056050 58300
1434816 6589963 9497517 3383956 5657568 7692123
2586417 5691033 4285798 5120882 8067869 8697347
9553758 3938991 8921164 6426597 4471311 9745400
8894356 5474052 3804748 6604481 4759262 7601371
618422 3082869 1593258 3849238 578014 2301311
4749878 6694525 5525541 3341195 905482 8436021
5612535 2583213 8192418 1719318 8077363 347848
6494913 8694262 3498960 5129829 8174554 3471584
6418802 2723943 1852445 3130424 1837366 8581997
6253551 4830335 1830700 1896146 2765533 2574698
6098865 8737179 5113019 1984487 371004 1373344
3171806 6212563 3033509 485143 814062 1888098
1552981 7175038 7396688 3456900 109568 6064999
4102410 5488592 4908314 8121673 7430435 7854070
448865 1619453 4857158 6943543 7087643 6075146
6605320 3716389 9817679 5617720 5620453 9340184
5234828 4510426 8323258 2125616 1958023 1961991
438075 5933659 1909881 9964347 1577443 4662327
1185309 2796651 4720766 5765701 7793735 7276940
7666383 7977191 1306743 7258949 1535621 8751550
6516185 6228262 9124919 6958362 3879823 7097673
2070418 5935261 1554585 8056503 8222071 5599142
7741741 1976794 3530569 2946323 7683598 1496776
5944188 484517 42010 194831 5758233 4290992
1354380 839619 5922653 2540738 7951336 7643261
8033441 7975879 2974804 9571707 5609431 5729760
2837071 3479712 2053835 4812208 7893929 5642181
3107742 3128806 4574580 9121624 8023959 5816941
3746371 4720060 293593 9809966 1314760 1051104
8709539 6321353 470029 4833927 5603982 3040204
1175020 9529679 7983925 3911323 23061 246192
2624338 8170033 6367362 7800808 109252 4203885
9442941 1131980 2590588 4399829 7087088 2629427
9716412 2232756 2815659 105711 8794367 3231275
7349668 8223474 6661118 1923700 862168 9288077
5259731 8003143 7875730 9013631 3637188 8364249
7658256 9196418 3105744 4328387 6497285 9853925
9449578 5945562 4610808 6089707 367025 182780
8460515 4309710 9234265 7840601 5117515 3371225
224544 1069308 735312 4752649 6561655 1799587
3585074 700637 7307865 7079285 2541077 2106108
6328155 429309 7494792 4226338 6741572 7890669
9523682 5388024 5735470 2961733 656132 2848804
8620467 1259960 7856448 6478337 3463184 6552457
53811 7419129 2885628 4504504 8789086 2567879
7628937 2905606 2634763 1306157 743313 5796648
2546060 2370293 3404485 2504699 9761552 9937715
2687988 4234176 7568137 1343595 8316919 9729491
7635755 7262811 413176 7886507 6132182 5301695
3943138 7106736 7237453 755407 7025473 5121948
9220480 1823651 1640223 4926912 6597401 3835966
5255906 8217525 4644710 9938822 415673 8285838
9444319 6115767 1498408 7918732 3790349 9229008
8984320 8710215 9102210 3156137 6868748 1526274
2154703 9742430 6773424 7333068 7363018 3636577
8559194 1790652 5344820 8282537 3284219 7937901
8297491 7761075 7636775 3732171 6087689 99393
5084780 7696933 6847138 2127337 8442188 16414
3803286 6024405 3316386 8008445 1771087 8315257
6019737 6064343 4954902 113949 2772209 6854971
7062541 7922837 854507 1008133 1379627 8625020
2941018 1161781 2831548 3560507 9621240 6029273
1592232 5252148 2622526 9002816 8071356 9171815
4679136 27366 1300241 6757010 3529781 1338612
320190 550749 19565 7029562 2262799 7219876
2982998 8183542 4988866 781804 6669629 8164852
9244886 4076647 6317305 8222117 9186318 7280406
7184865 242779 6403165 7287113 6416212 6518938
5692731 7016920 7992986 5783086 5434812 2744843
5554729 305531 4393056 9515894 687942 828877
8605455 5911456 8898982 5611672 577508 1437698
1040407 810428 8582519 4457673 9757930 3994709
2854509 6457018 841047 4019835 9572145 3287002
4935447 3033077 4134537 3500626 1336831 5245878
9226889 7199912 2748730 2244022 5227075 6364098
3771795 9728991 3388704 5488427 9616662 3274861
8381424 1573192 9665270 4965466 6246705 5605784
7936419 1235057 7258990 3998276 2928576 8977793
1903795 1534894 733386 1106053 4580447 7654865
6694340 5104828 4574625 3653103 6384782 3377596
8688968 8796384 5583353 2218421 685878 28939
606005 7366082 6840356 7566186 5638411 7998952
3621731 9969980 6786372 8528752 5564207 101773
7986888 5228613 4271335 3770936 340227 3692180
5630712 2665742 5148544 5733838 8794086 4511833
8700236 4728320 5188410 6287674 6276498 7450320
22431 5717998 549179 7230050 3392271 5562494
2137437 4337609 5896483 2734433 7484322 4610466
868493 8165588 9540620 4472851 5666215 1156169
9106260 4918031 8456157 1891172 6587708 8020135
4880395 4872166 8571995 2328522 8865949 910090
2810542 7334056 3693481 9336051 8506321 9846209
9552594 756838 1836341 8708841 1633499 6002618
7795697 2896278 5181419 538077 4865345 628498
4971212 4227384 9062105 4032240 7181414 1358466
8994163 8131258 9130289 2529043 2349655 8520105
6990498 9808914 5471659 4986392 9923891 150265
916984 1532441 9659266 9694411 4920257 4909377
9319827 397419 3284532 2453538 4095474 3691430
2838716 4342318 6821 7943497 7357309 4638564
1847985 8778301 152642 2335014 341888 375062
715920 7023550 8407182 3316236 1718342 1824584
530958 2809305 2972386 5031153 9621092 3332903
969231 5276801 9307127 4152728 4712412 6783994
8073933 6540624 4035784 5438859 9690327 8007336
8513284 9047001 2451604 833095 3138407 1145590
9997623 8581970 1190553 9284203 8978491 7896707
6502194 6003591 8679076 1459948 1922580 1286168
719043 7807562 4721225 6673917 6974265 2080508
5331437 7695257 4065888 3368647 4261081 3801264
6339278 5277061 7333223 399845 4802952 2671341
9372979 9697863 9670898 1826796 5033530 1039122
2142350 1685027 6298310 1410420 7650534 8708821
8104918 6613985 4618043 2749615 4719815 1882764
3286111 1839366 2072735 371096 5501657 5443149
7079702 6628975 4320889 7389288 2944925 3701430
563483 6102348 1200639 6007735 2086968 2224716
1615270 8892247 2774031 3682103 4531567 5289237
5782198 3921017 44723 5357067 5263729 7647095
9183220 3589662 557245 5450458 7113734 2963585
598605 9001883 4196205 4227748 4747094 8404555
6718233 4753061 8740102 2596879 846936 1548185
7508181 2097182 4527016 2393327 1134345 5827568
9108732 9604007 7307798 6783497 4588897 1580640
5398426 1722634 1365245 6673793 8206068 9355262
3144184 5113024 8988613 8237054 5409129 3085085
8028511 7387522 4145152 4369476 6963870 9778506
6549135 3185318 3074080 8496537 7848886 3166547
3120078 6789893 2455317 4729677 6341726 7509727
5655786 3815107 4412985 2615565 8829321 3024459
7039310 44439 6546992 9384839 9452695 5733911
2559572 9271127 6688052 1441931 4364816 3746822
1682415 4739256 2640137 7529292 234362 1403579
8506559 6901889 3873748 8198698 3553714 1416175
6899945 8414507 8771298 1478886 2581267 1594022
8672100 5412945 8558200 1120693 7330166 6919430
3231513 7164296 3732623 7340169 5936965 8577758
6478494 1678147 2425077 8708494 3047261 1602469
4869590 8126494 3580745 3009405 4109005 1927431
9150711 8840612 6490725 5130817 2484894 1038187
6962612 1080686 6689859 5094030 2769830 8951870
5188622 561722 7409089 5720706 4297778 3070065
7670956 1166390 964924 5295989 1720203 1875567
8991097 8191450 5367246 7168828 6609296 4454773
8013276 5662694 1303940 6630768 1969981 8489554
428705 8100696 4679402 2694435 377556 4856279
1887898 1384463 8908316 3473207 3519872 2485538
4193380 9148883 3828715 510679 5338449 2942614
962507 3854721 7120408 4615157 6139719 4293444
5670941 9793783 4471390 2235086 7080754 7107136
7647929 8557853 8591740 8919535 5292000 6197082
8390663 4976521 788834 6108645 3408091 335740
2967250 5517890 4671577 2881707 2975448 7460412
626057 7502596 324244 8361326 5668261 8115260
1369146 5813547 1960976 385958 7023493 583772
384889 9652812 4303709 1801180 5825277 4962019
3893798 5273844 3856882 7631632 2120015 361928
2153780 4853862 446630 6784667 1647907 621829
9621866 2789234 6818335 7010977 1609028 9578157
6782891 9286603 2889592 476479 7550389 9478453
4236105 8004705 7953027 205061 5723756 3755278
6032031 1166070 9692612 9709558 8987909 7701603
3603529 2994425 5382581 9962316 6207545 814399
7668630 4584478 4165640 1339147 764091 4234258
3765437 3373911 8043783 4725551 5018288 6538674
2072426 3417318 7723455 4378429 3395526 4115310
2408900 1948718 9130105 6691351 752635 481837
929216 9912307 3801325 9116731 3407448 8614603
4195576 6820575 3079057 2075192 2807849 2965910
5312813 2896958 7240613 3718768 6439624 2349844
5711495 1306479 6147781 3153938 7637131 5570591
9978148 9225099 9598898 1267270 7553415 4258827
1684293 977279 3831843 3683802 409931 851783
432933 4648706 9966463 9429179 529975 8197712
3459616 9997234 609468 4757545 9065616 498568
6874696 8690132 5509093 6780260 979856 9446156
4334055 7775277 2275176 8230733 9138582 4182348
9015705 2928305 9267160 8820230 390899 1830570
