2000
3832204 8712556 6609386 522617 3664333 6761694
424239 9539686 8435666 8549621 4490199 9323158
4448164 1112987 8819543 4020132 8048836 3353423
8666738 250259 7470016 5654086 1749372 4780463
3859819 285652 9523734 248760 4803064 7186270
7713687 2971749 1120396 1640381 869478 663297
8288394 1514962 5419052 9320767 8790008 6607393
1239846 655994 5977497 9592451 7187096 5668700
8306810 1465003 2233288 8736300 7071329 9140564
5965210 8178118 6963184 1828922 6662797 3378681
7237960 175479 4736622 1249395 835933 1518450
8202761 2807783 243509 8156246 5731738 6533874
7934371 9345971 1460251 862623 4414240 1093377
8802965 4267368 3098555 3855033 1941949 3338060
4952982 8977387 5900419 1979831 5675170 2691360
3700112 6459471 4852165 2040370 2082806 8614528
1870770 9990450 9820061 4459047 1389689 4379313
5425191 150563 5733265 5699414 801928 7725358
7680312 5102587 3763877 5869806 3025957 2395428
280125 3382926 8233529 1398562 6296413 1858546
5618030 6222929 7132612 7552148 4456133 9272266
1681709 5894000 7263164 2845722 8991852 4423789
1273316 4343918 2877678 8719241 8429842 1791385
7604795 9253568 8175459 8175061 4299518 572582
8927482 7830305 3433514 2456736 1760245 8699879
380999 472208 3694037 7961514 8841016 5166759
7246700 7873042 5694430 6460998 4017705 4907927
462193 4834590 6110735 9340087 4596490 8682039
9517750 1560883 4953084 6442143 3793766 7042845
3683087 7442969 1923410 6560029 8624666 6625827
5838752 9224972 4133755 8563284 2464723 8519643
729752 3311801 5502901 7710918 1472541 556799
6096955 1143797 5235862 3267531 7712867 9464928
4461847 9587395 3233815 4751475 2938985 199361
3746795 3938855 6678442 6651191 4278427 1398046
3243348 686670 9248376 9068603 622246 4792732
774172 1898909 2369867 7591092 8610334 1284688
3179137 1806831 88342 4396284 345188 2649969
1806982 415555 9730102 2458482 2098182 9037270
3392011 1087276 6285987 3934394 4816489 8525867
1841201 4078560 9033373 4104854 4467570 785870
1308423 7028352 521550 443130 2493359 5813957
7095061 6870754 977060 1949126 1572337 1132154
111018 9350510 3593667 4028472 4844209 3862871
1667944 784866 8588488 211105 5676591 9534969
8506745 6839777 7082420 3843999 5749890 4531773
2251314 9074283 7339261 9302471 3087860 3316835
2128418 1363851 7922196 3916144 5363421 5227427
8060210 1442884 9514938 5153832 3823375 5465978
4932199 7812728 9234351 5170501 2436910 3682703
2197382 1097318 1351760 986580 1936385 5653581
8731537 3251061 1120863 6445286 9697811 2498054
3792893 808546 6262649 276831 1900054 3480357
5940675 7751799 5421445 3361060 2150894 4233706
20031 3352912 3016402 1616441 8911799 7937162
5297422 7080813 6637373 3656557 7105089 1990542
1965074 1141837 9427466 2268615 5184606 2112359
4106563 1614923 1745072 7016883 1360939 3014828
9203328 4655368 5912674 5753994 9229826 4685110
8261258 8836321 8946423 7118054 966549 8583473
2637179 7115096 4339261 3183701 1147864 2616998
5860681 136336 3703457 4272107 8311756 758216
4052890 3672059 2567193 3309085 9254496 535970
2488633 3003147 1991973 1573 2413113 4256431
2024487 9543428 7850986 1952263 5395298 8268767
3044118 4847020 175288 843993 9631436 8069510
7773097 922862 467059 9128073 1156202 1224602
9311371 4931221 6343611 5154458 1701103 5557767
2117917 4952172 9581825 8410452 4629421 7963401
6591499 2635605 4701982 82830 1159213 1604436
4766012 3908418 4741037 5434689 1227988 3464736
582927 3208897 4040623 4497682 5535988 8331634
68911 3360559 1846945 767370 690201 7481892
7912820 6870029 7842324 2293219 9834346 443125
8686942 4633665 217599 2211887 4252493 6995830
3367527 7690267 9763648 8862623 4362061 7247783
6483565 3876681 3703232 2878874 4571531 8492206
1517143 7620234 9416184 1250190 8341541 1268861
6116456 5824129 1945403 7220090 2170009 4289184
3762111 2472793 4074072 4297912 6747747 6594322
3247137 8371040 8956403 7044793 1130154 7845720
8567986 1206287 8998498 4599161 4283805 6813520
3778659 5033945 2298498 9350118 776075 2214111
1026940 7436751 6292124 8948737 6095431 8428363
5050426 6147436 5520257 5474464 5100512 1889267
3173711 2185652 7128934 7108910 9631737 6200490
9535802 4472350 6490079 1570464 2682204 7135253
2270363 1517294 1540324 5131883 3441431 7136063
1990685 4411992 1696717 1859961 3270971 9310995
302198 4298399 2275609 528039 1994366 4982717
2325462 3093521 6105775 7109230 1425450 2098152
9684586 6669749 5402208 6098007 9814316 6303725
5724031 9456476 4754547 9156870 6678374 4578136
6888039 9918542 2706005 8384194 3483778 688519
192550 1313750 8914680 7817938 6806711 5333338
3924881 9007762 2477983 1507361 9245001 9588682
1029478 5161132 91843 9442172 5447297 6771682
1733855 5892678 4597676 5392991 6135929 3814495
4556448 1145327 7620024 7697472 3640000 2075824
2276712 3941268 9609742 5417256 6916680 111700
3183471 1866647 9863037 68870 2173125 806553
3825742 4216670 211475 5165864 8127392 1517241
4486293 7445867 4471245 5934323 6650338 7591100
6090842 4799558 5177820 5100185 3261490 5661384
7713313 6227409 5367762 402159 9230649 5303732
9978939 5612221 8244452 9980142 6258700 3580650
6908644 1664984 3719552 3791122 1567249 1919259
3603019 9390584 3017935 6102782 3211178 6194132
7604579 6342389 7290929 2018642 9326413 2117122
4933880 8083286 8605157 4201653 2355557 5945715
5438791 3423583 4986020 4907742 5186924 2515170
3272789 4506151 1187166 890594 9025678 4985354
3871547 2299719 3232308 3258561 1497165 3870906
2643448 1610530 3016231 9173629 2797580 2888259
8012803 7960297 6285808 6127329 5046262 8175414
4975492 2706991 9309427 7773836 8352331 8143666
6933238 8695277 4203659 502765 2829993 8705027
5006965 6713984 7316711 2305575 8147095 7026693
8884813 1675318 6586120 4734251 1558204 745026
2929484 6265161 626003 2097761 6894939 7226627
6229362 7145460 9459888 3011752 5915102 6318686
5675926 6097710 3947388 5088642 6325323 2801888
9667246 2140683 8780537 4311204 4166663 6083595
5571548 5707227 9813201 9259114 7242515 3370943
1589293 241241 1148787 8564401 4844352 2087170
7517662 4835477 1800337 6977032 4273403 5684532
9245138 1995213 798882 998024 6629649 2049384
3079305 3796171 5349995 3784232 5067004 9417521
1964489 8618280 2098498 4542407 6526212 1187712
7413425 6970247 9902944 6088945 1422459 5673860
5169899 7111525 1253358 1860217 7570979 1489846
1001550 2690214 7867280 3096004 5066065 2171450
5284713 4573523 9077578 7763817 6179809 3446344
8020948 7805061 5174236 1731265 6599911 6226071
9988672 2975255 8309264 612625 9563606 7303155
5781588 3156193 572754 5125021 5828125 9518124
796026 1219087 6225192 3860148 2782681 2376790
1550241 8868484 3552214 9927047 9257693 1952688
2110134 9649608 790438 6456600 8067996 3617397
499623 3438633 511613 5027286 1871545 4595724
3180581 388924 3126607 564124 7314416 1909872
1598696 159691 8745398 9559454 6967790 4960721
7221151 4160799 5022379 2797446 181024 7731427
2673857 61624 3717561 6356575 8502491 9913998
6512717 9324987 5088196 6955356 4625397 2389491
9006510 5768739 9347542 1629467 679566 2393757
9250182 986116 1554068 1642341 8328351 9098001
3207290 2550680 2681818 5829716 9235448 3907196
8595017 7702177 3257609 2780186 2353429 1809921
878162 6824006 1886433 3212609 4051407 7989429
6821675 4643339 5534294 6355907 552943 1199050
5613179 5591684 3481233 2628622 3547263 9194907
6177359 1031515 1733272 4619559 3149284 5951811
7232180 683000 89538 1181000 8360338 6923220
9131881 6226324 3415310 7537620 751305 3855560
507324 6037573 6934709 3564638 4820666 3685012
3563707 6851383 1997736 1482767 216537 3643764
425963 5966395 4154914 4062701 6602827 1321914
76648 6258602 3674721 5934621 5980428 3368406
7899890 5640675 6283000 8611074 7224025 4326618
7783740 8075558 4840378 9625672 2121298 7509689
2260198 2612720 6210849 8048260 1055852 6297901
3954074 5749412 466463 6445774 755037 2393943
2768305 5069179 9623497 2093395 7460972 4492702
180838 4572702 57144 3566302 5664748 9179990
7402011 4952633 9627357 7671117 3699027 2140978
8803385 800290 3845097 6645225 1802503 3990107
5111065 2028388 5202750 7376819 1980546 231016
2901942 1454116 4885637 3889057 5842768 2154845
4703121 5690344 614586 347676 9444834 7548595
7452544 8693895 6947971 7030858 646249 6103218
6670544 6282957 2050385 8325485 7642388 9954747
8548846 6123080 3266676 5633390 6982330 5432583
9289952 2804019 2592156 9826128 664360 4210632
4294353 3512953 9109864 7472512 2967996 8008683
1526391 8455709 1355456 6296501 9192680 3108608
7042135 8080207 1382139 9099531 706275 5697589
8180630 4576457 3811728 4930890 5340211 9719688
8888169 9069731 8708013 5182002 1057724 6640815
4956439 7626416 8029535 2737339 2736504 7133295
6993354 9198032 3314961 4041702 6799093 9186678
8599290 2252344 6930399 158068 8591254 8902123
4050444 190420 2097743 6894567 1645497 6087902
398903 9363463 8172742 9390176 8584342 3898264
9300669 6344389 7397985 4714641 1340062 1566264
5079072 4304795 5343702 4248843 2106177 1508243
2382628 4138928 7777364 4625049 6331599 3087866
2789288 8730100 478476 9805889 1131557 867303
4543071 8061872 5980918 1941632 2338435 3373041
8960553 7603177 613689 9416696 4741032 454704
1788692 3884649 912282 5364135 5078995 4286459
3558421 9801601 8084242 589499 4511939 7506569
8310538 5773854 3031863 5084875 6600887 9854242
3419787 9494779 5212831 6530681 171569 3278190
5585346 3137440 1966359 1970661 5288290 4502999
894554 2965931 9397895 7322659 2836356 2446949
2175584 7425153 3651104 6192017 6247468 1329956
2783061 3953571 3549933 8474348 3631093 6564581
341177 3875677 1002289 759446 5996908 5246253
5241872 5258011 3713079 7634092 9778789 1941555
2320100 1587760 4513310 3581242 9694945 1546007
8108674 987878 2937497 584913 2909290 9175734
6203137 7227770 3247310 3882874 3747620 6217998
9728257 7110997 9506346 5401777 1629483 1412612
3500710 135107 6969022 4151642 2080787 7578345
8733870 4541492 7646363 1709549 3871916 4659708
6816646 9201818 4258626 2003925 365673 2643214
3627084 9756263 966387 1826554 4556309 8769137
1998942 1358997 1510390 7495081 7905835 2667791
2435208 6918322 9958276 3100697 80532 9559837
4576985 3957032 8907091 5359151 1851043 8367798
1529371 4493587 3355853 8587602 7066228 4545802
1959371 7724331 6745323 6863131 1774693 1873219
446225 1674155 5578798 8199884 2152699 721789
6067955 1238788 6635656 4978572 9274340 6953594
4701431 3715948 9121285 4698788 7426940 6408641
3736123 8267932 7905220 2598588 297183 62721
5413284 3411339 4292769 6964588 5535709 181503
5922467 5572077 5143628 8085057 2654472 8406377
3981039 6377100 1804332 8185301 9291196 612254
1732141 6550798 5219247 6402259 3886170 3350280
5424516 7260583 297391 336682 3127007 3506761
3967999 7847637 1376971 5516077 2786600 8741359
6429020 9103367 5703078 6454153 9056104 3702263
1809965 6616374 1061476 714908 717749 1049839
4604308 5550822 8976735 7292965 866446 3746385
4843474 9011024 9525169 942488 1540071 8275126
9884112 5585785 2445069 1636867 4117057 4806834
7029405 8464962 3590500 3062972 1756280 187829
4909176 5277988 7494693 1516983 4592293 7269795
2288803 4709607 6542833 9247551 5732373 7576185
4530025 6675033 6981190 7630586 672602 3775575
9216190 5486531 7563295 7427951 6570041 3470319
1257193 173098 2499317 6254641 3685502 2252787
7459339 1541336 3794542 8788905 2383789 5588458
6251691 3326490 4418731 2255373 8653685 6830463
1732293 636560 9853411 4868884 7106841 7442023
7825644 9398819 7792359 9814924 3846782 6269748
2624534 7481224 8707947 4024374 259790 4419195
4770478 6034162 1024105 4290046 1788211 4191037
3781643 5741119 4291244 1392732 1378894 7346112
9356844 6960816 6832846 732831 5695658 5933480
3616907 6388309 3066256 5057293 8428997 4286683
4460428 7644415 7694553 7524793 6164371 4902565
6880510 2227317 3066699 9999535 7484895 2619522
5806358 7442247 8848348 5662374 1087241 1365721
3150779 6432911 8019924 446246 458079 6885965
9436901 1891702 1785565 2774466 407466 3871480
1352939 9713185 7605165 6737422 9829617 4143796
6496483 6256849 9576748 9388679 4512221 9151577
4279412 9357308 9475920 4213323 4926473 8253410
7085131 7954532 5301068 1700534 1906513 1996085
6266758 4014181 7186335 808588 8087892 4272669
3116999 4106043 1819850 9195219 8646596 7771710
5014357 9068936 7612629 4704552 9165891 4830391
1788973 3762100 1920690 8868346 6166833 1100770
7410044 5223577 6965228 3532154 5689335 2452933
8570412 9652405 7806671 5609080 470663 5815435
6957460 5687894 8168957 5304079 6271679 406177
7331727 5084193 710712 1704210 9198966 5857537
640781 2380579 8788640 470676 9911560 8144413
75395 7398411 7847348 6085565 3398543 2864314
7307440 9584844 8416708 9366916 624806 8994190
9965038 9405277 8598272 1797193 7747091 3477997
6661434 6484894 7490420 1514512 1536619 1082640
390057 5705834 6024611 1107691 2891373 3308756
3664293 8099735 9740844 9662258 5533684 3072251
7968087 871895 2289351 5304642 7996638 6686835
1989469 7964810 4459386 1716521 1739171 9793689
7259264 8843587 4633487 5310643 3809242 3426666
653992 8560883 5861791 6764707 5695507 7692709
6839703 6199749 6693471 5107952 5702623 2525071
9253346 302780 3871592 5526021 3829105 6875196
1188645 1356791 8488255 803585 9525042 3571809
6623253 8673536 3966662 6230921 3848426 4047785
8675269 8353649 4290493 6314178 9008265 6972801
7210459 1203379 5176388 4596642 8464939 1796889
9993364 6881517 2262186 1934315 2463175 1436391
5922097 1733243 5014481 7758290 4121998 2452451
4938410 9850406 9035840 2289982 141454 7021971
3726046 608781 2351322 2645685 6432682 7348974
8234577 2939168 1294514 6898790 8315561 2625725
1698808 6592002 2891851 6691366 810221 2643525
1309623 4688937 6210360 2530271 308824 2115183
9033303 916978 4231651 1838042 1375767 9157859
7936961 4920477 1061925 8154417 870596 7856157
9445567 7347678 448834 4913212 3699738 9524007
141876 9023306 3417681 2388756 6059482 7529995
9560599 8247044 9040185 6392315 980358 5452516
811610 1195775 299957 236138 3612381 5515704
3117323 6396535 1563400 2136655 8961829 3395083
1563800 3544391 5721406 5035693 7245798 3462542
2194690 6396411 989199 6686353 2388394 1285517
8697501 6644547 4857496 6701655 2277443 3128722
117673 1544645 3940118 5609408 7342806 9674820
7556200 9209428 3735297 4933130 1795888 7303202
7960606 8005221 61477 22598 824955 2515091
1808588 4524905 1001245 5577642 4197624 4583947
4463316 4125256 8807380 9014439 1538637 6967833
658208 6415667 4119092 8434678 2018981 7417183
9454965 5954391 6201584 6046585 7479493 8036370
9727245 7261560 4600522 3685996 8725747 4383173
1224040 8674903 5819591 2342404 4893066 7752537
2127477 4540031 7347021 9356170 1146091 3217549
867440 8541761 7670791 6767463 4274921 5380220
3184110 9525928 5986240 2644293 567632 4870564
6313506 5762003 7045411 2964875 5850396 6936063
9983424 777319 5399509 4424207 7790398 2863733
1148242 8315803 1522601 6366554 6307200 7478949
70161 98794 4808299 2984034 5179145 8937732
365579 2959782 2986639 9220301 501886 9199819
8396933 8579746 8107270 949027 6028898 9131063
707125 9162601 8689634 410957 9372745 368771
7818040 6443233 751362 4807057 5619221 5959118
3857619 6817556 3218727 8507290 2574132 468838
62264 3329471 582857 8107679 2599295 2890614
3949424 763123 275433 6199689 6027273 9210651
4756463 199214 2286905 2391538 5659428 7144599
8789315 9659204 726048 4439527 5165994 8735911
8186369 5558521 7340561 7027520 5362682 3684329
5981092 9889643 6005614 7638432 886763 2699426
8548205 2599446 6563306 5799020 6461532 8609622
93338 1618350 415959 1540710 50594 5420006
3672212 1466081 1158127 6074128 9717975 2914927
9742789 5622736 8163477 1846946 9921309 7040773
5550053 6921903 5400440 6591104 218597 6137630
3205037 7118030 9312450 9587478 3843332 3059982
581292 2990295 3197671 2116425 4346189 3547644
8319952 6645659 5507927 1920554 3355308 3896601
2526201 9906964 171668 3090686 7895643 5264027
4535949 6701259 2678136 9522532 248966 9539629
3209182 3502234 1399752 4278328 8335673 2932564
6107556 4084734 7622748 8098145 5492835 6727679
9717256 7626363 1276546 4615833 3526993 3275650
1532846 3629498 3566595 1503839 4064902 311633
5965962 114350 9222387 4048423 5051529 7142073
381846 1058760 2741328 3658042 8907243 843955
2147891 4041623 8309986 2575363 5812997 9270573
6273852 4428056 4414129 3443988 3373429 269279
3987480 9920116 3174265 9402485 7989685 6619467
5973033 1705342 9437331 1088119 8312365 8221322
3710177 2059132 9033205 480675 7716299 4434074
3986351 6059214 8719119 432591 2467941 9485369
4965664 8957482 7816500 4296022 5229987 9636846
5897503 2521974 6740920 8953107 60943 5131412
3967807 979360 3069074 6121860 7685009 7201901
1406623 1059771 5729258 88663 8865186 3753865
237368 5793176 6711756 9980054 9457636 7314215
1550159 3554888 7452174 3688896 4436820 9032203
8802966 1677011 6475355 9800485 5190615 5790390
1480401 4757069 1998189 3901792 6512867 6736938
1364999 7864491 8374205 1517218 9025967 1408170
3756111 4877000 92296 4062635 4058653 9436810
2925089 5917448 3064338 9426705 7402947 6506054
7679237 278911 6542539 4036871 7318893 6007998
726545 1606138 5869155 9938867 8608262 4108116
1755675 6335575 9280308 9974817 8615055 1593145
8940010 32941 4528921 6044004 9932784 9559819
8939907 4740330 7618357 7038544 6875396 9273166
2726052 2053695 7354122 5492135 6222554 6233956
194399 7328128 545597 2366207 790672 7419829
5539014 3817243 6268738 5984179 2306960 7723077
156501 2950271 7302393 1471192 486695 7370006
1977132 1635233 346126 6982719 5096964 2578562
8389640 3688001 4730741 6595988 7212814 6554566
6753994 6263539 113021 3046352 9780418 1286927
1047547 6573802 9242268 7109091 504989 6115540
3291081 2955728 2433370 9895279 6882042 3925124
1970773 1254859 1567000 9984115 3515002 4587321
5887829 3211679 2231164 7967035 3976566 7102671
2689087 8943025 6604429 9714172 9230184 6043420
7610056 7110149 3169852 6015466 423645 3912892
8127737 4868040 1130243 4230585 3691638 2141236
145192 8494360 6805958 805616 4625215 5957954
4987565 6769878 2748537 5525700 7158522 6568739
9055763 3080512 2597236 2139596 4420004 1561963
9511111 3576909 3725543 6389949 2285223 9771893
755271 5955306 831214 7654107 1856377 8646961
3457077 1657244 9520041 89928 7821843 5482206
296713 1883470 4317810 646474 4726606 2460305
3294883 2084356 9951627 6601113 6959703 7343132
1315656 5988140 448036 9568280 4719473 114729
8415692 3755242 6209136 7034064 50344 8669908
5126740 7333458 4913500 4101575 2068623 5501277
7048697 8965834 5258669 7115029 1842883 2536533
7244153 8864637 8850303 1265237 3095065 200867
9820266 4154158 8995603 3488081 6338451 5868237
8198924 3888797 6937770 9405312 1674235 4066600
9273069 3262648 1833126 5647901 5519734 7393148
7546805 9193308 15733 4450349 9552416 7993868
2084463 4200626 4145257 7911503 2324126 5854836
1264426 7150455 660176 6008269 7213798 5896186
9674305 1638658 995006 9045263 5902650 8179825
8563507 7643385 7291599 1192068 7841960 8580235
703407 1596251 3344902 1457154 3718432 3901757
185134 5369917 4601742 1001734 1403618 2137824
1722979 287421 1564670 1082933 8140886 4523780
3406424 3264800 6048850 5936939 5973596 3881076
6398141 8501541 3290657 1835907 5886841 1909030
702269 892395 6358666 5565021 7208096 727875
2509934 9807271 3432022 6758418 5823134 1843880
1294444 8672570 235040 8857181 7322283 5615229
6615155 7480574 9502499 2767818 7785644 4577160
2531385 4766467 5622655 9463826 5059013 5216890
611100 8349227 9483076 2692711 299465 511222
5779158 6157958 3079324 836794 8572999 8333615
1091757 6648005 7441665 4204969 4642494 7301025
3646036 7540959 1179257 7675428 5220751 8406267
2406531 7934450 3106751 1781505 3033636 2441628
5105220 3046107 4748257 8215131 6147318 7473907
2360804 8601733 8373104 9723817 3078022 1164325
2535904 5778360 8907574 1168884 1676061 1137638
7135494 8326415 123973 8321629 5817790 7518053
4037633 2935671 3128476 1076808 286180 2365015
7404471 3997653 3124322 637695 5731574 5526891
3585357 2876626 500686 9967758 1844164 6040761
8927921 3922218 4462937 14932 5139523 9442390
9498692 1237646 6258389 1969112 4646010 4707220
2317655 6783591 7228317 7230204 4177498 3211646
4345430 1283995 8315553 6008089 2319345 9080369
8040003 1898208 46786 3380683 7583527 8799434
636952 7167736 6482250 4083212 9393707 1895571
3055116 4022700 7796148 3686085 1578116 9048533
6106626 5435359 9351642 8417101 8320040 8947983
8298574 6355152 8699127 7289039 5622327 560169
7725208 2919831 1602872 5382567 1974929 3241314
9395604 6118009 3654119 7458954 1332160 7478274
8224969 8234442 7389883 5332745 4175088 154797
5415498 659345 9705879 9267019 9901462 6883986
9728727 9622901 3578168 1098802 5082108 1228374
100307 3347912 1545409 5922081 6358004 6473875
292699 7672548 2047771 4554833 4290481 5460107
5394413 8647672 4103199 1873368 192132 85598
1558100 2965828 2180063 8544330 1873541 4962982
854290 8458188 3018369 4718886 5653839 2352028
9663146 8296801 1035900 2425744 7358647 7984247
5932864 2302888 1876438 916007 5040046 6502539
8107026 860664 6368863 4245771 3872606 1253790
2780787 7855359 9430769 3492569 9540702 2116279
9048311 1555977 1474371 6582426 5067791 7899816
3455506 5573812 2018709 9695743 4891687 5993680
4424206 2968668 1289025 6118951 5940503 7889244
8209160 642092 7925782 5677524 437303 1012876
8594119 6608518 4585581 1764578 1938098 7798479
2921258 6170576 8756098 8919620 3377433 5802670
6509876 9350438 7235096 3976621 7460500 9466233
4483830 8411283 5968977 375183 9821565 903937
9964765 6661835 1914856 1541525 5283409 8898610
4190497 3370786 1118673 461494 7988307 8459273
3314234 1690927 3635714 4220229 6774484 8721110
7237581 5504586 9591234 5486355 9609075 6590065
654147 4232538 3181591 8459548 1193694 2026020
5043898 8218935 6786953 3681644 1799813 5276262
5883623 1379733 887167 9857488 4729123 6647
4683996 6048381 1362130 8775823 662387 5769573
5830519 263600 1636798 7247867 3137602 4316978
1312703 4478410 7052760 5324791 887377 1050870
5717018 5730948 2177092 9092653 5417596 9769372
1672319 9632590 9891113 8359451 8336605 5394751
7833942 7380092 775463 9584587 802358 3560693
5227934 1878323 3570151 7412018 2629029 930093
389221 7796031 5081333 2469974 2368941 7321403
8223502 558832 492355 9836296 4140470 8998174
7829554 5591343 630785 1592758 7103503 1029797
5878459 7471068 1926994 6242047 9413924 5757509
3541515 1728115 3676051 3492066 96856 9009054
7480719 8305000 3101918 1246999 8703431 7621564
4688038 9202345 7263649 2569710 135948 7777773
4902395 7997646 3239621 1777288 1755032 5211014
2929908 3635176 4774820 2540353 1533558 5157961
9003098 4147174 8382107 9323823 8928458 640825
3645351 4731436 461975 1483301 2355576 5835470
5896255 6582555 6887912 3009220 6904719 7901158
3766148 3308749 7335119 4149221 1339651 1416277
2517888 1764226 9973082 8465036 562157 6461679
4234233 4940366 6771441 7943957 2243900 4556256
9239456 5364214 273886 6622823 8924358 5404512
7315797 3419094 5642069 7404151 5881032 5172477
8323102 9920687 6730457 6873662 8774205 8224809
7822842 4853877 2807522 6965829 6805935 7164231
667742 5180314 4169278 4000296 7249067 7415210
9064028 7952298 4338654 2331655 3769764 1540504
7627271 7143324 4384390 1930607 6833423 7920557
5774208 5113736 5883194 4800604 141934 641469
9731221 7360571 6166160 8546632 121115 7390023
1748733 2273627 8558279 3109654 5955081 3744043
1235233 3315501 6170026 8226858 8340122 7928734
833823 5991447 6150923 5189952 9246390 1630880
3840418 5892235 8020453 4886965 1191621 1692199
1281037 5867137 5038380 3527808 4269074 9888496
1249050 517396 7831183 6948630 582921 1496137
2982225 4517616 1188243 640346 695373 3517922
1750530 7547349 6773613 7954459 3966781 4150486
4490546 4541269 8114180 4535280 4706213 4228880
9369569 6861768 1082005 6866080 1828616 87943
8705663 7707425 9046426 6281530 6977808 7822726
97551 3885193 5408525 4654786 2207726 4728774
442637 3200072 5196861 4502531 3136435 3644272
4918585 3326578 1900356 887893 9037262 9727805
1774316 6713769 5811183 3602303 7579060 3721153
414131 6116145 2689000 1100299 1934683 2987947
4471495 5469000 569540 8950887 7856908 81587
8741961 9835759 2333542 3385406 4092642 1506141
9032018 4867037 3725332 7437733 1947494 8502038
8187587 7817769 8670163 9318621 4507214 264038
2011542 6495248 6306132 1687372 4240654 6091581
2039773 9342338 1265388 2208914 31036 7667435
3074731 5967697 5469670 1818768 2145932 9201502
7394263 8388909 2621127 4305042 4570285 2712022
9995820 2976398 4168650 4186962 2912711 4116913
4317784 5152874 961785 305501 6939344 1361660
3775455 7054588 5595104 6241960 1345632 4750304
240752 6823103 4836001 6057897 4363001 5979797
3032368 6368819 5671837 9468660 1924358 6118304
7642911 7706500 1924962 3594109 1691552 1264256
1922930 7852811 6429626 7148474 7891129 4878162
6705649 2769229 9028352 4108009 8043313 5091343
3606397 1152302 7043277 7870823 4064289 7747181
7876021 3937922 8613396 8188853 1154593 6543892
8445076 4849124 3228515 4843481 2662590 9232844
9436697 181345 5363036 4330848 4319030 3492820
8320677 3092277 8931974 9957839 9352248 1593771
6951444 8924358 8325505 580493 5862262 772056
9075027 9772088 3642211 4177781 5718088 7753629
2650859 3734077 6698217 9885734 8703398 3042005
1649646 1862167 106639 9795508 4671312 7861967
9728307 9275549 6833271 3550456 9550145 972011
8815206 7918182 4585674 7019625 1237408 2230235
8218386 7864582 8986861 2456459 5768454 2890502
5590632 5258915 4463257 7609407 1679988 584953
6794602 8434943 4388878 5889969 8308193 7490080
1487132 7155936 4253045 463537 852186 6586712
3938784 5524570 221942 2670199 5362574 7799906
3167954 5631234 2496668 4467981 1667347 838816
4055143 9193186 6093713 7216136 4204875 9412397
3398710 2118900 7595560 6248318 6755853 1115201
6583132 2925237 9609989 7095593 5532492 4081471
7977190 7754848 7012395 2400149 8517675 243883
2668559 2920432 9896340 6663350 4441452 6048754
8088284 2326621 6767596 3550062 1834826 9115006
1396367 4270995 2951060 4840648 7064826 8733286
8991152 7690466 8768717 9106741 6087067 2437337
8189917 6072361 98742 8415196 6490791 3912498
3826420 1654994 675511 5849829 4547577 1284443
9516056 6735360 7677447 1546805 8160033 4429232
4347604 3033070 1090411 494982 5699225 1261496
1130411 3136542 690021 8279109 3408996 827208
1475166 3561817 6833365 7459003 8473433 8369090
5950012 9673088 5835829 2855098 9723641 179832
8439495 5546537 9723418 1666617 5324592 329466
1055838 7444346 9530433 4339484 4759136 3053997
1346925 7694934 373135 8837245 7284785 3354248
3222476 5547310 8245997 9848302 4374663 985759
4451077 2057052 8261926 9308357 5596793 8486944
8593402 1492506 3309428 910579 2055487 152688
1538077 9463793 7811950 360555 7223270 5964650
1296775 7135681 8802681 3779368 6112078 778498
7995955 7112767 2388302 2481580 9632621 4176330
1933834 8591192 1171874 8737658 7215539 3267540
2067540 1747481 1847552 1043488 5746081 3266629
9744568 436346 5639447 220447 7299167 7820991
5542298 2861921 8324040 2281346 8551527 7238981
2183078 671709 5944973 7483427 1312402 8484026
6098641 6111822 1859885 9133097 8976744 3464294
8980813 2800419 2248254 4544409 8293014 5475789
4117097 253286 1389599 5536051 4034799 5675731
5139051 7775507 9813599 4567311 6939281 6770700
5852290 9652488 39664 3932892 6554580 6543829
7322566 4584112 435079 3363526 4944846 9634259
1406744 611471 1459601 2175152 1239633 4498748
5572736 997889 4568906 2848250 8164248 8298241
5849382 6647027 6636910 269241 2344375 3536894
8670427 1531330 9172540 5089185 3280806 9324255
3424630 5047921 6245838 5704424 7221843 3708901
5040709 753571 5308439 1755340 4129306 3423327
4216129 2963899 6535874 5314850 8994574 5941392
2201793 3004040 1488239 1741423 8083510 9907552
9906918 7053324 2239737 6898185 4693099 3413516
461719 6317559 7330665 2135346 8750522 6191711
8252909 9868311 3776045 860005 7807540 7410677
2989801 4094041 2517721 3213582 6053112 9380476
7001020 3355576 2536755 3231147 2887392 276766
7836016 1683206 6964411 6338286 5797505 168519
1469164 8142524 6060471 1894923 1293620 7811747
6092662 2080783 4213376 344162 7061940 9126262
2165347 1341788 5196499 4077562 8751622 3989468
7389831 6693335 1000212 2859260 9897164 1337522
876760 7230571 3430167 7053899 4299329 7067315
9227300 1914623 4070805 3607526 9390840 9665016
1350205 1094877 2800421 4705973 7120920 3972328
5167100 6656858 6293635 3410492 1065800 1545603
5080266 3758454 2931584 2974943 8948454 9104170
9168306 8609904 8245360 4722948 1018163 4063048
4381580 9038763 7781454 7146061 1116861 5147317
5055456 8557820 1950947 5531483 2727356 7656744
1189047 2683857 9572415 7027884 7692160 3240306
5043887 7466267 6164771 1884563 1973632 540875
4135731 6252357 2966168 4966635 4439219 780935
1419655 6627256 76714 8737372 324393 8082157
6190873 8021038 5539996 1146317 8355036 2507979
9594655 9548783 1031097 5274839 1785895 6264597
9531754 2140422 917744 5005053 9679061 3551895
7898276 2497016 7065130 7240578 3010330 4864504
2181149 88820 4118601 1170012 4111827 6100099
7580030 2451674 2359463 1490257 837010 9671121
7700310 3897569 9111231 3656792 2289907 2424848
9509777 8860891 4466461 6701571 5434881 2298796
9863191 6414602 6948195 6524818 839095 7827377
1017027 8950295 5010708 675491 8965168 8266215
8389377 8424643 5436956 4930997 7694808 9334221
3905133 8041497 1303412 1246623 7304743 5781491
4440664 4241484 207109 4640281 7730800 4149438
398043 5479577 4653939 1819805 1306820 7697224
9151904 1055211 1612579 4532086 473230 1886714
4660412 7024818 4932401 845016 5267414 3865263
6987892 4578780 1166082 5132240 2796438 7393383
995383 8616568 9109859 1166703 2084154 6597610
7620267 6376745 1219494 861270 277448 3485591
3612275 6569572 7117823 7739731 5779092 6639596
7721642 9373046 7568266 9416697 6586210 279924
849090 3595647 8974069 6341845 7652389 3152020
2983355 5265802 2683139 7260556 824421 2690252
8587365 7985201 8971057 5014968 6911818 4096485
667220 3799142 6747370 1446809 7232740 8697842
6747440 9248160 8799687 4526485 7410598 3423391
9825116 1578686 2030358 8829934 317612 8488506
7623540 1278422 8724355 8067474 7877914 5011645
802451 6351719 5745151 4427570 9152366 7793891
7668539 2706673 2461227 3471781 8749477 2787067
3532554 9402280 6362907 276227 9594404 8404229
4352333 8456869 7855204 9259747 7435439 9245735
659894 9757431 7667588 482550 7391427 5633396
5372130 2599746 5921227 1735724 644358 881021
2952690 2319870 95794 1005795 6857946 4703924
962164 6353335 2829208 9243290 5297379 915332
2125599 7347313 1684017 320125 3715141 9421044
7156441 1542704 8916280 6499416 3767676 9394934
126303 7185989 5315246 6827830 8099651 6149731
6865839 1796830 8757922 5481885 7323537 7274534
8308435 3346537 1598923 3151280 8297582 1082104
6416526 1416603 4460051 6752255 8356950 44114
3949379 5052004 8884605 6500183 4579283 9101653
1964741 6453274 8552193 700859 879492 9671957
9388677 4134333 8253683 6679477 2377450 3500549
2157409 6643714 23775 4409482 2011689 368603
7822121 4005160 3245121 7834176 82889 2351072
4934883 3374047 8829038 5271132 2878451 3047647
7265126 365656 7217546 9656268 3517144 870262
8722341 7607576 2467045 1926966 3762603 4163248
2828420 9737049 9039153 959501 4594846 1713236
20338 9539896 3040314 8516001 8678061 574122
5856532 4130564 6370384 6201121 5765975 7505444
842918 4117544 1255882 5206036 9414350 2011793
6283002 2501141 3126569 9153513 5687141 4404113
7901558 5895155 242557 9081872 5005755 345839
3311919 3975381 8779201 7115801 5250794 3338554
7332 8749124 1687595 6643424 3799736 9386579
4499877 2521220 1841600 4961600 1084047 9645058
2907366 7622384 322698 7027359 4676498 2093704
8586667 866825 3852755 8636201 614442 2782906
331564 6774659 9124809 6024545 2889202 1790593
8726243 3727116 8866750 7917327 5198703 665225
324198 9639578 8701405 3739989 4653635 3165921
2562513 2939958 4811107 597499 6174506 7383370
23140 6284559 9298883 6685496 8529134 4383968
9485799 1371131 8134682 8904689 6311859 7025076
261769 8475332 9632017 51006 6235357 7356930
778307 4990038 2423680 9657472 6703160 5036920
3392299 4846677 6213190 686834 6073687 7674484
7971798 9734065 600153 1741438 6001404 6604642
2491710 2040746 5197982 4482781 8431528 3827572
2530543 1419509 3327719 1676329 3478219 6178302
3533903 2511506 6704600 7454177 9819192 1184467
4959690 365668 9581398 4261963 3293196 3682457
8170778 8798965 5297443 460197 932891 6577793
6424922 8520331 2473928 3027375 7559295 4194611
2158948 6295525 6558509 8596108 7126929 5283651
1709200 1715970 1368457 34887 7152930 3562181
969883 517620 9914873 9415686 6781748 5635736
7023243 8229747 8747549 1515524 6312003 9632563
8530128 2070346 486618 6749925 5251406 4957888
3704373 506528 4952210 2509989 5295229 3523666
4625957 6363582 3238738 4297747 2552762 1577226
2314000 8135890 1646034 1735262 9490313 415270
6662920 7009235 1738582 6838192 6004131 9329548
5447061 643423 9983522 6925946 65979 5056582
4797032 4959275 6464563 6410568 6330514 6646402
8609970 8459894 5222391 6391206 4789728 418166
2396997 2725496 5676985 7170323 9201524 8176112
7986529 6794866 2580032 71348 87004 8242170
3219305 6866181 4502396 5622662 7062928 4651805
3540144 7700011 6297602 8182155 9500714 7593486
5112662 5903431 1805376 4999631 3125292 1030419
5192878 271713 2219507 1320416 4441195 3278635
3652562 8276738 1441898 1807409 8939416 3271113
2476550 4725684 4872270 8222393 3191263 9464332
2144006 2987307 1396965 570586 2851062 7089717
4120563 4214841 3224781 8083499 2057661 3298093
6370735 2986898 3669574 1549613 4878469 9815290
6022663 1898889 2424985 1223761 1970100 8786190
3209906 1732734 8760594 3026489 5705605 4775030
2721215 6890269 2712168 2341043 2855625 137984
9633453 4622292 7420651 5129790 7199852 226353
53853 5569063 6219076 8143805 5436674 5952518
9601538 926937 9847214 5056979 2199729 1292374
7039347 920244 1017207 2610775 7360679 1118328
8329122 1094074 8509235 8449751 5362283 5167392
585925 4029691 131273 3531589 1916159 256177
2394639 892872 4699036 2198631 1169907 6401036
2567113 5066101 6296060 2808075 3424950 4778668
4927815 7664235 4690539 1419794 5301696 1935380
9120776 7022677 7261613 6302322 6800668 6105778
1717118 1604102 206780 1051684 7557880 1406982
5821245 6069949 9010777 9591037 2662340 1306856
6593337 4840715 9750337 4616171 43662 2294577
4822268 5521046 7669123 3730567 3521935 7698047
476852 9166130 8727995 8195892 4410812 4893481
2994563 6092317 4092204 8593257 481513 9565805
6194256 1515428 7508221 4889077 6986830 7355001
5767890 5336777 5001895 3383682 4826456 460981
2185042 4504605 6979015 4967035 1480054 1279621
8436654 7986550 8082166 2508732 574831 8391749
2678987 7625352 1659136 4117295 6596474 6570023
7214651 8000080 4359201 184532 8421914 8528233
4786356 9933190 8534216 314122 7962676 8185157
2696152 7093170 4339674 8267013 6010850 9906207
7914466 8027528 4612262 2812583 156602 2494963
1483638 3685524 940597 9116471 2210090 9361477
5695865 1650595 8740303 8431872 6169030 6826375
6101780 2000510 6082691 8450782 180678 1546863
2745405 8122532 23874 9897009 9812579 3481661
4052074 4411973 1614502 1752929 6202829 8568945
1957760 4402068 7843477 1864237 8700893 4736390
7587636 5669884 7723100 9172739 4618257 6312081
9444854 4264279 924139 7513298 2165232 4010339
3823515 9463684 7846849 3065399 67178 2034069
2471089 1586629 3872944 7458935 5064397 7798116
7746974 3942935 5447766 171357 6474112 1766962
8982898 4237542 3299616 1346300 863146 4510794
3823763 3572666 3504275 3711793 452154 5548300
2557522 6538776 2246740 7604163 7929413 6739145
722096 8892360 4334890 5809407 9393148 7114264
863446 128700 605487 9924983 1425764 675321
864315 9273496 7790167 9157176 8530400 7927690
710722 2477215 8600537 3336054 9241635 6494511
8529794 8759296 1134474 8324643 4901413 8525621
5551376 142811 6013522 8708620 9449261 7581751
7432071 3173490 4844393 6185352 482854 734445
3905306 3898780 2146901 2828953 2847477 1178658
7758132 3400345 8008375 4319050 6893440 5452198
8138607 7386041 9650724 7840378 7279613 633852
5979790 2538802 5227287 2079866 4373607 1282953
4661798 2155694 9824235 208415 1725105 5356910
3083296 4525370 1994360 7866092 9430748 5342855
4347610 5700840 5911818 9955815 566511 1501068
517245 1232325 3249370 561324 570013 2063219
7931026 9591693 5893876 4210540 205561 7944052
5507158 1825440 9525173 863948 8167155 691783
1354423 7549716 1675240 2651464 1235754 2368070
3457837 272515 7955293 4307869 3492768 1578772
4722034 6023974 1972290 3726219 1562620 3141281
8033583 4100474 1585680 7761015 2277389 2133411
9463033 8872755 4319808 4050308 2358933 7605307
5817682 3483662 7533685 5220034 8601392 3016794
9825827 7865780 9996571 881299 7103486 297498
4107925 3623157 6098924 4315104 9488506 4181587
5971761 1780939 262819 6383891 2830364 4066680
9106103 3593407 5272327 9541828 3188431 2362998
8048261 9407529 7913581 349985 8490186 9106
4045087 9502000 7422582 8955496 3900391 3696839
3144710 7152283 6996987 1288182 3653090 8654231
6034486 5147929 9384249 138221 8078546 577994
7342488 9433791 653297 3467004 6113931 5007984
7744466 283999 4677349 7633572 2833037 7695956
2383916 3757939 5132970 6089818 270016 9986505
6759004 7016264 7880548 6565979 3239181 5678081
7069693 7817921 9940317 6618095 3507341 8040502
2978749 7910040 1328983 7335587 3007497 9056395
9355809 578082 3388069 2414598 1211029 3616391
9019490 5511137 4319245 9301030 8904265 9895150
3521261 9944668 4877912 9397743 3379216 1062281
2697445 776508 6194609 4975215 6397311 8296009
5067666 1126371 6776658 6636847 4654823 4922997
6366973 5048329 750442 6076575 6734009 9691934
6598436 4344406 5805235 4264157 7546489 7728043
1358835 7768662 8913656 45167 3096834 3562673
3162589 3581005 4530823 266701 4638141 2230989
2861785 4380593 4180771 5092059 7346931 84658
6839733 2382643 856314 9396247 2934057 3855935
9144708 7444685 3210658 5185978 2799307 9034810
5257046 8433288 3230018 8466566 3616379 8628649
9382353 5022499 8029536 3213985 3474257 1073817
392174 6100272 410187 8519452 3214789 2353416
5511162 1506376 6997475 5720577 7424423 5163846
6871729 1962588 4834604 5057720 900459 5652148
352014 7976611 781698 5496012 5009655 6204853
9000970 4395219 764213 5552122 5709705 2324432
2055121 3625748 8908386 9782496 9004073 6833785
3445748 625255 4229896 857242 9674815 1292930
2037335 9536469 1008864 8066172 1594836 1653791
3794044 4324632 4122039 2377388 2861970 5497645
292118 4896161 1090616 4205333 9518481 8819570
1589202 9959040 5796670 4673042 3665455 3798675
6255459 7089233 2958515 8000819 1611972 275204
1422252 9494772 8301796 9488768 3458677 5473186
5195988 934798 2800383 9110421 1758077 1385073
8202392 9677733 763777 3410740 9490377 4107911
5743168 9240414 1106774 5410326 9268039 9715774
5496259 7364292 5871013 7210188 1810712 4505603
8695276 5793224 2712660 3846835 955135 3367198
7195848 803350 1437484 5617430 9009345 8583683
6019187 2478781 8200962 4411597 6470649 3987722
3034898 2844718 7598855 8850603 2257651 2371558
9168430 6011926 226732 8586022 3992508 6094384
9602172 7985800 9124085 8294779 415144 5964853
8672412 4355557 8722597 7396579 6214892 8687027
2670426 125737 231068 2523090 9391139 6789257
1514811 1084661 893643 1883291 4175290 8965993
6906748 9844672 3535572 341101 4678405 4943209
3140465 8609826 6810841 5343100 6015258 1023544
9459597 7724407 2063636 2236109 5739184 2115092
5265125 5638319 6629826 8911828 6180177 2131914
2140489 6645339 6620787 3437474 7071210 2907847
5200741 7718881 3810509 158092 1388031 570471
2429280 8331311 9677152 3779387 4256113 7605065
1876185 7327326 4110479 9207524 3063493 1666731
4725621 9278702 5345476 8778550 6618165 8536971
2336166 7994920 3664495 1403658 8200611 8033066
8322422 9702990 1538616 3902994 142358 8296376
7213035 9301505 6336375 1493164 9806828 7407873
2437940 1485737 1382205 9024761 7035642 8852851
8021435 2932965 3581845 4954055 8711853 7792507
7562370 6422190 1100715 5273538 7821925 3393111
6905976 1025622 130699 1644085 5456964 4553122
6066449 7973191 7184967 5814102 1994488 3761987
5330355 3232456 9471874 7937603 6340610 5132427
7154765 3311405 959277 4811644 3382223 5267646
4451220 3368367 991137 3746109 6340623 3720168
7195661 1939497 1479580 2943264 4587188 8781205
7277174 793854 6028773 6829083 2958312 9062450
1667883 2207332 938476 9819857 9623700 5479397
8320632 9624767 81579 5968287 8118772 4510519
2433833 2094332 7643398 4863052 7192865 2088597
3561985 2320339 1632568 3464799 8618440 54991
2282407 2387091 8645267 690668 660428 5546756
9103654 325681 353093 1896827 3143760 1174890
4329169 4631362 3744666 5511739 5425476 6715856
3638588 1227373 3820724 6969061 509430 2492856
1137807 2414121 3600988 3940175 3267098 637972
7429882 8203084 3588892 883485 7537450 7236609
6834129 7629963 8964338 4534822 6864633 7793090
4157425 537006 8950571 6468508 533883 2561503
8343930 8050245 6894862 4916712 9826210 7391067
6234266 5313346 1877660 6152411 9552861 8246307
1945768 5163479 7058583 9715121 4466945 4940676
7585998 3445683 7093912 6508057 8677609 7795513
7751517 9103766 4362740 6027633 2811635 9972424
3542285 4669298 1880238 1039485 5596244 5216853
3743109 2513170 8376874 6197824 4649219 2224103
5358948 681718 8077102 718031 2589054 1701153
734507 4442304 6070060 4009895 8882509 7088199
5467590 1835873 9372635 9099349 7165194 722443
3028327 206632 2501711 1905235 2610126 4883562
6366068 906283 9567235 1841729 5972011 1953775
6563801 1388174 8796464 4869808 1149108 7995890
9718411 7033485 6514711 2661586 5293125 8369330
3902364 9532389 5786789 4792038 5571894 3760371
5844217 4643760 5347975 7654430 3169496 4442586
9722392 3453713 8071592 3193539 4351962 1682771
2133918 8892778 8470293 4116285 7446093 7494335
8291735 597782 686764 1376744 9380938 131708
4207732 366741 4913507 4132380 8002870 3077736
9096773 1574030 5334388 5806863 5997511 1328250
6605799 8909371 8218677 4353878 5147415 7695395
9924298 6524871 2681522 4831940 527667 6400347
9899037 9786078 2086295 8292453 6500303 4974111
3073607 4467473 5262822 5216266 3446698 2802755
9529079 5590012 5450842 4993856 4096765 2777932
6348382 6327054 2895266 7142042 7510485 8536722
9275658 3937856 5450366 2991368 1452446 2856066
7450186 9375791 9839073 8513159 4233343 8216791
991440 804320 5073727 360276 2733256 1530038
6065428 1389533 5462672 5415921 4824799 9557403
2244552 4930441 2428106 9903590 8483558 4200612
3505081 2756994 2275593 3549573 9016795 2562446
9523745 82238 3015026 2406755 7766080 4070907
2963682 1015919 1356668 7234050 4002415 3292445
7704205 5988105 3593798 1365227 1076613 6120952
3074049 3859736 9113057 5892962 746816 6522004
427960 7546595 892232 5638460 5008077 1476348
5941198 7441867 1787524 2511280 836531 2651018
8515011 3658672 3623452 1391765 2452238 3808879
8200734 5010501 928026 9135660 2199385 2495452
606814 2139854 1680380 6154640 475523 5157058
3449389 3630782 9335421 6493022 1978795 219484
3178674 7325222 6007842 9880320 1292852 6560548
1504920 5192924 5151573 942779 2850215 7417941
2497499 1682284 1407497 5304177 7692227 5736315
5593978 1292299 5347210 8396780 5031645 2868222
9795967 9786557 6966344 6630466 9061891 7205749
3315596 2021989 1679877 3403967 8213091 5127016
7801037 8320414 3717649 4367478 7630739 7006460
7343878 9664034 9289639 4262439 3657140 8793238
3749560 8145211 5938554 3599106 899043 686495
4872274 4781893 2293576 3139619 84353 1506294
9594203 4874454 6131032 7945824 7627182 828225
5738063 9093532 3469192 6280481 7503140 9371813
2018666 1226500 3661559 8340750 1052901 5367610
3578583 5533527 6129416 8173105 2880906 916680
1267194 9716490 1122945 993381 8531693 3431197
2833440 4661417 8236060 2211354 4773274 2756285
875427 9398054 2036852 8461413 8524376 4563608
5324046 7469079 642070 6566740 1580440 9672543
7024936 6531523 3728992 6925965 9561035 4550825
5376877 1421098 1993547 5214352 6678629 7910692
9705280 4744682 561838 37995 3447040 2841723
1135752 9807311 6453225 905273 7465322 1654847
3330758 5117170 7009151 1565807 2849059 5411826
274610 4700453 8136050 1450401 3968445 2000170
9702204 5907474 5100382 3685235 6834477 3352176
762737 5661075 2719424 4126159 8756133 3779694
4001770 5286050 4022038 7800346 5430988 1773128
3219318 6119662 9066201 2074145 3595207 4443865
7541674 3811069 8572038 6581721 4939741 1978176
9774641 8254878 776236 8561668 335790 7539566
7741341 7450517 2972834 3101049 142535 1804246
8935422 9204598 6361037 3229457 7564037 7563008
1389788 2474263 9269465 6362922 8231083 7848782
2933968 7628059 2312267 656516 6143561 3023407
4780137 4181016 721333 741248 4351518 501254
3003457 5440102 4950260 6482472 59005 7980470
8800294 118269 5977126 7261954 3138722 4390608
8082827 4312217 6247032 1009030 5191932 2465477
2708710 3411719 23795 2927454 5627699 2707730
5227299 7084824 1306956 9949426 8320911 5961518
1082912 8194174 4853080 5859782 225999 2123934
2612748 4907315 2415257 1288995 7562628 8112813
1871656 5672014 4489337 7921658 2573688 1831343
6776375 3771107 8989084 8255856 8032537 939799
477459 76003 9812403 2242529 1255172 2974181
6673514 8850867 1797358 15607 6179041 4944547
9537528 2223045 4086217 4123097 8396281 284616
50219 1419715 5849091 1910981 1055797 9955684
8218393 7305640 4511135 9475612 3173051 4549803
6972434 2827056 161636 3913281 5382322 149996
2311531 370219 3652142 9441076 4615481 8711761
6315455 1856048 9492972 9544789 8384130 350643
7745126 2653277 5374826 8704467 8205636 6612822
5090707 8566478 9020205 9856718 4024135 3949532
8463045 7197901 5677815 7247554 3043172 3351984
4782910 5624246 6840723 3936220 1811566 8026062
6632474 609143 6804233 7137329 5595525 9199749
462712 8673604 8921510 4160492 1730485 519774
9174977 8267967 4621420 3548814 8822573 6815844
1129791 2454812 6346083 9702610 978030 7417579
3033945 9067901 8812875 6140988 4761878 2759883
3509919 3808906 841711 7348763 2071992 7596492
9808589 7953378 2970952 9820456 9394006 5350531
5028021 4302553 5467415 5158040 8072576 4775204
8730563 1234096 6801673 24878 2806429 9356753
1679978 6929863 9631112 9386654 4103384 6527624
386873 4321723 3911725 6161627 650572 7921579
9678063 1826213 6195974 7024928 3740224 869195
3844891 1309334 3060806 995552 4674589 6675476
1950163 7875904 995324 4037670 7410424 3527782
5958209 3485041 1002477 1484957 5668785 5142129
7965379 421934 3849993 6443328 9433582 5072282
1438806 8866394 3651981 7545836 5479977 6246362
8579230 1705635 7493871 5932478 6179987 1497094
6295946 684426 2255273 2955635 7436490 6227479
5532299 6349202 6911298 383942 203417 7165531
6919102 8193105 6157428 1053845 9059548 3318290
7019201 7401563 1875752 7988523 9556745 5808195
3023495 4404327 2395927 4748961 5458440 5704789
6033910 25731 7305053 9505382 5189010 4984359
2886855 5009744 2985444 7622514 911028 3084380
8160983 1054863 8662976 6486450 626734 7286871
88934 7525384 2646087 4175581 8913276 8778423
9621342 8307423 1127680 6447078 9932140 3032162
3831551 783337 890761 1206509 4350031 177685
9860477 7413719 3004095 1173068 8166989 4049803
332845 9396686 6490534 8791371 9827540 8501882
7145218 6537045 3777592 5109055 4660027 7933056
3058701 1858329 1112454 8526630 9884040 6881587
3856679 6439777 5077604 9953281 3790962 127691
2193618 6954473 6704831 8485291 6625972 3213015
4282776 8915866 9358395 8596283 3842736 9516589
2287888 829970 8479882 2625797 9301860 3395094
9254570 8722496 6123310 2957705 8147808 2491702
9065230 1333847 7529678 6122507 7316389 1727211
8972199 379563 5605723 6362843 6597753 2873066
1797050 8659927 9911072 564577 826279 5744160
8574660 4462418 8015592 1595864 6238741 9054070
8401704 1230881 7137916 1682509 698711 5068466
4004380 9235913 8806665 4213128 9420060 5292125
5683337 8160268 1599477 7631183 9624083 3463172
3910865 5925044 4232217 5606816 828747 641933
3484021 8689992 7896216 379149 4383045 3685389
4476110 7469365 5095105 8475607 7720803 6085507
4589295 7289690 9680851 537257 2358463 7361839
4066400 7583921 9239866 4618947 4881240 2666010
4144683 943476 4838334 4552420 7684998 313696
4821853 2794888 402133 6495983 8198487 2008718
7172249 3625230 4852868 5121276 9737018 1950694
197019 7207729 439465 5513969 3041888 2334392
3782320 3373608 3566581 6870377 1540416 3244825
1402066 8865074 3808752 5230205 6234466 3439568
8847054 9923689 9784366 4781409 3653753 4925915
5683373 8093311 9091203 7672133 3365007 8733232
2508971 8945124 7846902 7289171 4421927 7673510
2226545 8630713 7901588 2503942 770099 4311390
6747115 7951476 1254471 7157307 5093916 9333412
8199966 1942043 7390763 1413300 6274221 9813328
2166327 5415610 3553975 5513550 9830596 4948577
3243189 6110187 8600 4833348 4361405 2595292
5397923 4112895 4443146 6135241 3003660 7603752
5537980 6343112 9153590 5472976 8034294 5702277
3671443 8526065 2999394 9757790 9472166 1422963
1342469 1095671 2670902 8033573 5122843 9006317
4119534 6712995 8800117 2953010 9260752 4659911
4302789 1913766 3590070 8659179 1759384 981021
4890266 2064724 8938383 9787011 5875319 9931109
659738 6693351 7381315 7851698 1842106 1304530
1949182 3485398 6638021 8585637 3490879 3265734
9924389 7364349 8990051 5436828 2015707 6290664
8803635 2584969 7082359 4493679 1170187 6120527
2112206 5012263 6766680 2018373 4867524 7407442
2484580 1555458 5220351 2739793 7373835 8429492
1625001 6267836 4870888 7495586 1003828 5775353
8021890 5717152 8422887 324336 8734790 4395034
1990970 9453437 49017 2647718 983375 3290350
2848749 6166058 5523164 1260788 5739491 6829843
4537849 9930809 8617874 9230578 6101056 1935421
8045382 7184596 9990514 560558 3811826 5747871
1419776 1308048 1581140 1307005 6471788 5453035
7697640 1787870 6277473 2371646 27403 5414087
7358425 9836861 572082 1930001 9891043 1207776
2906328 364213 528344 8041045 2957737 1073019
7157479 8791311 9616095 6487465 2278953 1550193
4404520 1430411 5641610 4301146 1227942 9675327
1709209 1541743 9694269 70128 3563148 3951621
552369 2166203 9903405 3203787 1872153 6264195
1363338 6115381 7293552 8782737 7654230 3447613
5219527 3378730 8350311 508121 4149525 7680477
5836939 1210174 9508916 4727279 7967125 8596991
9772477 3057279 8608919 896755 220791 8349299
1513506 2836199 6801065 6576722 7488675 791533
1169613 3953692 6919157 3351900 5124126 6163572
4256641 5621782 3776181 2193996 9081618 7849212
1325015 1201087 7392217 2013792 4233188 2352973
4442704 5825090 4199077 1306414 3431309 8814874
7655276 466583 5894589 8944252 7269231 4818030
6646547 8642804 5890054 7558777 9338508 195833
761319 2485039 6086047 3345344 470638 2345342
4820810 7578480 3975660 759707 9571739 9019703
957082 9499714 8603010 4448091 2134017 1663585
6592456 9863199 522382 8104282 5696624 4657543
268982 5312388 8352551 8958150 5547448 438814
1959157 3766238 1862579 7196384 1252472 1748149
6266926 1097360 5354452 1853734 6485604 5852829
4839214 6895569 894843 6874885 7987170 7769516
6215019 2198456 6508786 4226469 966321 9475308
9673450 2657037 6788415 1428504 3076361 5158249
3992791 5862659 2031031 3536845 8800549 5805501
7157123 3760697 8247241 6854861 8181165 1036657
6309133 4738721 3377595 4669553 3265067 8801054
3762699 3394097 7325218 583034 2743131 3348992
3930027 7732687 2799917 2387270 7522933 8595435
4959733 4838421 8020999 196202 7860943 622944
3821798 1302369 8095019 5089342 9717761 4226473
9522275 9360158 4017290 5472129 7917335 6227599
6097713 5003897 9391969 7987360 7665804 9682264
7833031 3409756 3119527 8682038 9606817 1067861
3005583 4769853 6237763 9651806 1895127 3342743
3015657 6112930 6877777 2754650 847754 1962698
706035 8673356 3676335 3098745 1060759 3382973
9331702 8457897 9815352 6572317 6289556 2519036
9203466 6972372 7172617 8338734 2363171 4451187
7503416 5139759 1695551 7027157 2083759 4947908
7988709 9870469 7465030 674546 2456471 1804405
9349822 3343063 4156142 7429270 7281325 8992447
6005929 4734286 2348997 9736554 9350335 1148920
1252509 6433265 8480296 3718727 448339 4922755
6170126 4676923 3749759 2426590 5251233 5707995
267147 3678878 6589597 8728426 5110035 1190290
5917942 8657156 6001426 8010946 7222495 2946493
8362893 1774195 9691047 8180169 2332805 7628885
2102190 7766861 5789423 546631 5774647 5650493
6467612 4269982 9422129 2542274 4504420 7779548
8054645 6923231 8091830 8448147 7162123 3602447
2402850 7277502 9624250 1158706 3818611 693179
5147494 3241562 9210770 5533802 5355833 8674144
5231707 7989956 2344117 6120874 324400 7484371
9918571 9720516 7904230 939103 2260813 840053
1768160 3375668 4152736 8221877 9956301 299263
4854663 9914745 4612072 6088600 5777318 5055303
8004634 943483 3948249 5096243 5399137 2533084
6439723 933809 8914148 747985 7310567 6514463
5435431 1933771 6598831 607458 8529576 7441607
5698216 1463746 5016688 8784196 9390546 442943
6540443 6925616 3285261 8911506 679139 5441088
4062071 9143107 2212638 7288814 8116239 9380916
3536121 4822327 4321378 5371145 4499380 1327003
1925905 1020175 6065100 7638273 2786446 8022529
3700431 4247204 1385168 7170465 390383 4313571
38614 9220438 1552937 3505306 8555800 8473520
9247823 7528216 254670 3473059 6685913 8167459
4301824 8146616 3817532 7217914 7071336 3707249
3120228 327071 6964366 3689684 6858291 8370370
4377843 8902170 4139170 5262731 5211075 6431934
4055919 6891606 8752723 7899066 7250199 8895800
7827979 30815 6266526 5847858 6123321 6971164
1072333 8452845 4334262 7897640 3336448 4639829
4204997 6482516 7175867 7677919 4050237 63312
7349205 6348929 2362147 3182566 9127463 9653630
4334349 3985091 2317141 3822735 9417140 9794307
9414736 6402758 896416 4921731 9389934 7040521
7440722 7272369 4203749 9993202 2617351 8405445
4036107 6480202 5565722 9499341 1057733 8728558
9256067 6377999 2841368 8689411 549860 901270
6533653 4645413 903352 6612896 1513508 2138229
4654022 7249598 9035705 4539955 8482904 6933689
3743412 9283266 7092581 135346 237197 6777867
5859562 7356003 3731578 3956702 9146459 2647260
4087907 4835008 2927357 3588582 4566668 3039140
6952938 725324 5852897 9995146 8388077 4744521
6137168 827825 5758861 2065519 5339179 5367753
9369739 9496152 7997297 8632032 5755929 1774467
1635976 9120720 6140802 6063501 2829849 3193857
7169692 2576951 5498953 8256091 2524989 6678500
9210872 1065439 2682929 5996565 7587016 7757579
1080791 3748265 895188 2348060 3998177 9409371
1019005 3794042 2016823 8363825 4586962 9650306
4649963 5455874 9079078 1152890 1952606 5445947
6898338 889436 7895475 2659040 2825454 5811126
9245568 7881077 8302836 9080361 2854647 4273739
2684823 3373174 1909135 239717 7551241 2007664
879278 9287916 5122542 6731430 5044495 9035806
1177034 8805867 7989988 5848647 3606127 7069114
7599421 8057981 9112833 7236981 9098227 6697579
9862104 8421751 922810 5084062 3102492 6117100
1106535 1938644 939395 7743083 5679001 1213788
7741170 4410246 7904633 7071414 273611 2664690
323405 166907 5844941 8859669 1482005 4019587
7821137 3396920 4274949 1233722 1480939 4796665
5160906 5447841 4274946 5211555 377613 9129490
1084853 5795216 6185424 9005442 5624894 3105850
8096411 3433950 3126865 6776200 8107476 9195881
9164480 528007 7784370 6448142 6913576 8931319
852638 1002435 6939745 6903223 7262925 9705571
1842151 9872813 457705 6142729 2582176 231159
6938841 2529614 4032633 8775143 5986561 4478395
6479266 1317962 4542013 2739090 763257 8048054
892722 1044936 5289444 5079067 2069241 952932
7012295 8712763 8534265 5343627 4358917 9375178
2189744 4181629 8532290 6479853 7163291 5752081
2648145 1953682 851773 2895705 9837358 5577861
5163248 389337 4541445 3305974 9968876 5595613
4389306 8113547 239177 8891690 6010501 6217989
4416127 6763083 7803571 9504772 9130433 3869412
1696894 1595214 8170697 4657455 6585398 1804931
5946105 9999413 4154671 8789931 90945 8809575
7196280 7997016 1207577 9711582 9915819 1679904
6411486 3706321 8743887 2938651 954320 6245369
9136000 3298054 8171128 2314301 2063725 400207
7948509 3143372 2823249 6982361 1198811 8242144
7407164 505793 3803938 2736514 7359869 9969463
1440942 5599374 8022602 1429601 1695409 8013485
5010411 4704544 6847264 6123667 3093286 5424112
5125525 8758243 640893 1925327 5521454 3287344
3633802 3631803 7935687 3754463 841422 6947572
5986326 213919 6798205 2965433 2304418 9410025
7875965 3674972 6346451 8774423 1497708 5354946
8222767 7706399 1602644 157643 7303890 7359181
3552943 1824841 50086 7399136 1856835 2440567
7601250 5481836 4984339 516594 9102711 3728065
2033776 7686478 4757952 1075030 5443275 1481489
1215279 2044977 2400125 7437239 8247702 9418314
9077660 6351101 7260534 5285947 3702560 7815054
1684699 3476159 6327913 576505 201520 9016581
6897486 8587189 8357084 4357637 5364182 6822582
4425686 7359371 4572260 2618386 6740647 3811229
596994 7147737 2263124 121154 8942363 5258912
4959056 6115704 3577139 631772 8321476 5505733
5180032 2315303 1779275 7169284 8831894 5626552
7400151 1457271 7484958 5741370 4177544 6856085
3124405 6857642 6680795 5577543 3011552 888330
4846053 6459274 9610454 3449305 4688953 6554823
5551930 1563544 4533795 1069001 5617449 4085816
5439441 6265713 265713 2851351 9177605 3048878
5043306 7256401 8527477 8945708 5218234 5283376
6326271 4855623 2970193 5407038 6996749 2084721
8578116 9381513 3104151 2688808 5785718 1862202
5895278 1730727 7626350 5224452 1617353 7268349
1092756 6331150 5839822 3399142 301929 7911830
6590372 273053 7680037 3631916 534236 5755151
2360853 5900345 1241040 4327078 7123033 9833330
3584629 144891 4566795 2449074 2490884 6235935
981664 2750633 479995 8403511 6956072 7446877
5422528 9818853 5639048 1259128 7852952 8887083
9443553 2927129 4553693 5058362 8816666 6723696
4404683 4946200 8847276 7349000 327955 9885373
621161 1568199 4607693 7793020 1639822 1472461
2701554 8643681 3840265 9603886 2417477 7551296
7431835 8186861 3316981 233159 8209387 715382
116103 1101724 8047393 2353956 4883524 4195903
5279636 8526266 1328225 7843099 8044391 7544684
7388658 3632664 2422677 594621 7782349 5387872
2839183 7629508 8179030 4166586 8557574 9209270
5046818 9839667 509652 7002397 7626527 629805
3406714 4171524 6736812 8131894 7232897 9226230
1837980 8267205 6684674 411790 2513384 3113555
144236 4858455 599290 6295581 2215227 8784812
5128618 6837213 404511 7929108 7393975 579879
2536351 5949517 2544150 8838122 7307138 5043857
3686251 8277238 899739 698419 4436384 3872866
807871 9256764 6399767 3196446 8756641 9515143
8703197 2427393 5116124 5065474 4022349 3699118
8609980 8751236 7624440 1724839 1873779 789314
225293 5477606 6777548 6156933 5595542 1283380
6682080 2999857 960067 1640817 6725538 4236145
2213816 9445817 422070 6726423 5487710 2958462
2385045 1932172 8080572 889368 9225910 4966582
5463755 7470876 1927167 8845031 228142 8555901
7419417 1961412 6403459 110425 473125 8958778
7095318 4650937 3661222 5116387 6514365 5756783
8555076 7062380 5701855 879978 2851658 4576531
3277048 1883556 3263526 4665977 9339794 9941606
2708741 9335925 6251695 1810965 693178 8124665
9356212 7837048 2771715 2404165 4221400 4764126
7832686 2103391 8972691 1463292 9631104 836772
9297239 7268657 5417806 2323788 2334291 2163530
9264727 4583776 4619218 7350635 5567983 8344585
5292375 2753439 2621617 6461852 7401683 1137200
2707082 5284352 3957759 5536557 5760175 8677317
2985067 6150910 2840979 937728 3047291 748266
5603840 1813755 2252451 2426753 5368738 2071136
4523800 384952 7001634 4088164 2546238 6109402
3505446 2005576 2269065 4427130 7111790 1467961
2142508 1370833 4701708 7835491 8756209 4346752
6879013 3760682 1508482 6740489 9338721 6183380
9322551 8326998 1536484 3870952 1746795 3754227
6092133 2865621 7384701 550481 1938052 7016730
4135566 8618918 2738114 7848357 2031111 3754598
6408251 8557936 9039120 1373018 8795220 1676458
6046558 7768348 3057545 7905699 5547739 1608056
562653 7783310 1046231 818253 4765613 4219239
4572917 9634494 258781 8514837 8334997 4246168
4083260 1592027 9432781 7684977 3699925 137291
1608637 9030656 1729570 7753884 332237 780784
7144260 7949532 9531778 9860026 7824393 3978446
696682 8186433 7317882 5776645 9987827 4154741
5970499 3317312 3853304 8518875 3275439 2396617
3495817 7893414 222939 4792952 7289758 7203193
2243676 8361580 4068423 2920254 6297062 6517083
9878485 2808769 7451073 265446 3673993 6816080
4687460 4712891 1810100 6280334 7818155 148563
6928286 8306614 1604199 5278039 1714478 382612
6283987 3089762 5755217 9332953 4258067 2438822
557844 2351307 659774 2328585 7616349 9462813
9910022 7776428 1889371 800799 5898160 7179058
6703667 5705052 9643319 7037223 3831414 8562548
586516 7215482 75259 74376 7864665 8983143
5598993 6965636 6647102 3685811 6636266 3207299
761866 545531 8550702 5012250 9707602 1322685
6156306 2358875 7096541 2347287 6370312 41727
8259191 6127487 2408454 4425140 8574372 6009426
739293 9246763 9258348 7192668 8746437 7042584
2363563 483467 4486641 1676631 6729591 650713
2815710 6224211 1140161 8682072 38932 5352628
8628355 1691417 5997450 8320633 880916 1472539
1466007 8239229 845170 33531 1815185 1737178
6574688 1173852 8391264 637676 2946517 7389502
3948951 3569197 1799093 1508117 2648686 9224134
6836043 4479675 5629283 6445827 9531576 146100
8901566 9577119 6088554 7055825 5796784 6882954
11975 2418659 8365846 7785808 5726661 507207
6197414 2330031 8668282 2749463 5101942 5555738
2259448 2178034 3277693 3750658 4733120 6469735
3553534 7120238 9042730 6773316 1484590 6401241
5843256 5020179 8707653 699069 1131965 2238065
5648624 9518862 5377067 1508309 625700 527858
9023655 6163142 7842536 1291886 5310703 318655
555851 4086580 9377732 73544 4186379 7353541
6868406 5150907 4843998 9618818 3502291 8676546
7840224 3238659 934068 1964605 1942552 706482
1799554 5498344 1198066 6430216 7100838 5583080
178670 751138 1552334 2749835 4727002 8569977
8627199 2261648 1809534 8724075 6217464 7398010
7023509 5769711 833799 1354112 3830663 5981057
7394067 6029805 6016571 6700521 3668085 7387040
9593789 7059050 4220589 7136054 9492331 9812359
9120588 4125635 6985741 3794651 9894873 3435240
5801206 4118571 423905 6274020 991619 1240642
6867011 9116149 7021195 3536058 4941095 6172841
9872682 445442 1667680 5217008 9036149 1071033
9566509 3478149 7083053 4165293 3156045 7667951
4349388 1491144 2769316 1997175 9603486 2091829
412268 3228858 5874838 7398559 5552905 9712092
5557152 1120046 5038185 4775929 9833509 4551936
365845 6057730 2117955 8047748 7263372 9046889
8144678 3903580 5089485 5914708 4228142 6416723
6352187 1635913 962525 2755954 1924632 9500475
8471325 4869836 9512662 4929366 3123790 1712237
298002 2474122 4892537 1955588 9659856 7916103
6032847 4790580 3644640 2531117 3799448 7098314
5549995 6301639 4227772 3722426 3852497 5699906
7002343 4497559 9000716 9458114 1046372 3916991
8749566 2801198 9195413 5537710 6304603 4963673
5039273 5436478 2933940 405718 7749745 4789249
4154352 6189089 4243724 7173382 9881860 9437561
2772083 3821070 7836464 3864210 7205958 5622993
5272702 4748898 1017338 3812756 7927023 8626230
2711521 839887 1427750 975545 3206021 6858658
8720689 495137 8485976 8680967 7491843 8362970
4164374 5144277 8551893 9438523 9568074 7663408
1456182 9828960 4615698 9563154 6686031 7225301
6080527 4885356 5595239 3572419 265007 1555705
3946334 1226517 7509455 4307710 7694197 6909858
3361498 3178807 2983067 7385066 8452692 9386723
951585 4091115 6329226 9473494 9699836 2061680
7071099 5834179 5180824 3353930 2356574 8098062
4010531 3148366 4153856 4202448 4895018 8320665
1263418 5148269 230129 6930271 4734633 6265326
853514 9856663 7450080 1642035 6077024 6389267
4680340 4071115 1376267 5228975 8611568 2594915
896075 6607032 5185519 3533559 6501319 4430828
6374880 592403 8869942 9411392 297179 4545830
2756001 9159049 8283788 4662402 6121648 3304422
9156594 4021313 9356482 63900 8619979 9843172
4611600 5429064 9757155 8791556 8673590 8285458
6721794 8781556 4536797 1558940 3306373 8287985
3135146 7729858 8646950 5799301 555390 4142229
7395383 1442122 9559484 2904250 8886033 6917974
8105478 17938 7949467 8071844 6072380 4590255
3238433 832174 7987052 5342346 8921959 1072255
4673672 7583324 1918813 584484 2689597 1515622
9032 1197061 5852675 9995803 1527256 8391789
4657472 3357293 3465922 5214253 2668516 7177857
283688 1707350 6543031 2839180 686078 8655652
335990 8649950 2709175 9946542 8320506 2474199
300932 7792799 8807899 7574694 1125628 2972066
2223416 6810899 8752524 8043861 2895217 7688971
1065298 8109675 8490682 9557678 3414372 2715087
1124332 8024180 8163658 809195 5058658 7214609
4529224 1834492 6897246 3263161 248493 4039647
8806447 62489 2876554 3378476 9694871 3734456
9583890 7082778 2231664 493856 2990837 5857617
8425333 2239826 8812132 8854059 1773881 2576402
164969 778312 5235577 9994087 8822210 296326
4310541 9491737 2734141 1593290 3045470 9291135
6074820 8960254 6562405 4712876 9237414 2832728
4812417 7686821 8414804 4756225 9973788 6331593
483422 630476 5033343 2306040 2383861 2818831
8402476 5675165 60610 4320843 3098191 9470181
8804069 8812359 1240279 2580228 9067935 203133
1000315 7990599 4037307 2940528 4419036 4030582
9295211 3712456 3002412 5979404 4041642 4087059
4161598 5408744 804524 8903983 9510664 8191733
5262983 2004500 7107875 9915309 3190813 7370305
9230525 1753976 5862063 7092224 5908806 425054
1592448 2232189 8618885 8211670 3755910 1983188
2294286 7542894 6211439 1002760 3010829 8671404
9816418 2423072 1633523 5973550 159244 7689447
8665657 9900085 9301694 3048545 7317244 7063435
3095258 1085005 4799786 6667002 3710003 2665059
8168519 2202986 7803649 2577357 4386956 1809453
5468173 5949928 1652834 8821335 6609697 1967770
1980294 4260222 8993671 8436470 98890 767741
5736782 3256974 1594732 8172615 8426567 6008721
1123360 8543902 4914944 1555450 5116411 2670904
7183402 5627284 3832890 3546380 2834241 807842
867755 7239060 8036116 9824069 505376 4209316
6036613 9844321 3290388 7333923 1068251 3057021
8069764 4658787 986115 4032044 930219 453028
1070327 9995903 3776418 1794928 1453997 5843053
6894508 3912723 833516 8981930 1637932 982413
8134880 8433914 1425981 8185828 7568715 2859829
2731625 5912712 2751597 7385416 2136002 8582245
2718333 3789436 7475650 1857922 3485685 457624
1684789 3151357 4697064 3379862 2476052 2838337
7031423 9072826 5785062 2193062 2929561 6592653
3375799 7054683 8206388 2307974 9199043 2634337
1631039 9883936 7090072 8126285 1300419 5017507
7701430 3684911 7859901 5194172 9076595 7664561
8367403 5036586 427037 375892 7297140 8486575
6285348 4755018 5957861 8587644 1154404 8495889
7074766 538562 2983151 6158944 4009616 5081319
375857 410358 4590392 4841312 226882 3601749
3367551 3558503 1850937 9679557 5678431 8791141
4978436 1837251 9996230 8120501 3825659 7892975
6165615 2999906 9757542 9719813 6022626 4444025
6676476 3043395 8729531 8594183 1051518 761857
2034356 1542486 9675294 2778581 4818315 8666237
3074169 3526090 4809703 6825287 7008341 3738637
6635637 6605791 9076586 7166720 3609208 9317153
8499658 8954265 6712903 5090175 9993328 1009709
5323777 656043 4387732 146366 8164836 7183487
4872218 4773367 2506985 1089080 7645201 4135944
9115846 2199854 7018935 1329993 5046332 299569
3083271 9340328 5991565 6018904 3084176 9416834
5367438 9509756 9434187 9412378 94525 2097252
4048954 6944180 1549157 8665584 7454804 4162272
4278505 2927802 5361253 7626216 1953069 2234973
1231651 5546556 8960589 4940642 8050873 1409353
2298218 7169665 3907933 6413333 2006903 653000
5018144 9304872 7571866 4970897 4778928 8655080
7749299 5459840 4678842 409732 7040126 701021
2586787 450262 4745050 2856662 7051487 2118530
4938315 5457055 7387258 3756592 4787252 7537620
456244 426796 1458882 8024834 7114159 2924860
8189319 7635620 4937276 896156 3647440 8149931
6590406 9307607 8148874 6706173 9876916 6493229
7556130 821919 8506430 8259568 2353854 7600611
6664302 9441555 118177 1789403 1475018 6549848
3265742 1261551 4517619 34246 4514652 4352131
7196197 9724465 8345680 1753982 2220412 9404505
5763744 1690630 6802821 6595119 6266256 7743880
3969655 8232141 5580138 894029 6200462 3965333
9031189 2196675 8072942 3858271 1360531 7672604
2806682 6399916 6160601 8387428 7630414 2385888
3632311 6556159 4792955 3796742 9509976 152451
8147549 5802147 8601506 9101924 2495824 663223
797789 69183 3175299 2374296 7819747 3242876
969709 2371712 5061089 552286 1003056 2317976
6279189 3337926 8363933 673075 8947299 5820496
3243904 7376316 4060216 4416932 2962807 9710096
2950925 172912 8722165 5427687 2746479 398314
5363826 9929265 9700851 7409718 3060481 1291348
4497305 432385 8580168 2917725 7417719 5258701
7324799 3080025 5553102 2474978 7517553 6172050
1788517 7474473 6854848 2781010 5858020 5119508
6603007 6380856 7106376 3465202 9423371 7646834
4520710 5542022 9625232 4662775 5188459 1073791
2617125 8869470 277444 7072585 6175770 8514913
7240327 326179 9958597 8801514 7092133 9882781
4156993 475947 2655359 2550115 3639169 5272006
3543466 2582815 4071245 4581342 806710 6679625
4184971 1032102 1009014 933334 8397014 1875696
5633469 2662023 7891565 4479311 9857852 8648082
5894605 4715932 1298702 8339934 5540682 5531840
5160911 7801493 9288722 7223594 9308208 8947424
4991475 1970595 1902852 4353226 1119309 2605644
7002546 8035782 8062760 3597819 2887613 5143668
7505899 6306993 1929165 8082900 3168044 4430110
1991215 9677682 618094 4007276 6655509 8923237
3973303 5203532 7042132 8539404 9420431 3005216
7390902 6961376 1723893 2061589 5941858 6426418
9972844 1280242 1542714 5285921 7476765 1822069
585322 2296786 1828318 6155034 834034 9233689
3602675 7078011 4633448 4858612 5232379 9630526
8329330 984199 5315085 2979615 379922 5915777
5563511 8463141 8615351 5057543 6206916 5926237
3419774 5444309 365134 5502746 8110056 1887802
2887395 6705294 2200916 8796024 3421953 4358723
7094918 7818269 4369497 7808443 4936728 2342420
8371767 2532289 1728997 2093366 3732259 4957659
1111333 6993228 900319 5626937 9722410 9013623
3206718 5527778 6089869 5902081 2735259 5389724
8868555 8099929 8967954 2745646 1971216 8527084
7429610 9533305 7562245 956362 5884696 2561653
1546279 7755068 3526412 6272930 6685775 3674627
4197239 1326408 1712050 5407474 4391413 1116827
987482 7260458 6982884 3187292 5589306 7894174
8268853 1192837 5083009 8979772 8939887 6836799
3374465 5626121 561073 3201912 4663756 4198954
7395414 154971 1108531 8338666 4080657 1967341
5487210 6933787 8842003 2415242 1704841 1408851
3677674 3461080 3708516 7851127 1758164 4710758
1544200 4242317 3943998 9668070 2687508 4691858
7478644 2566507 8815180 6689613 2898465 1059654
3113554 995327 6662651 7513095 8012060 4236441
8296 2648816 3179800 5015542 7700081 8655518
9052171 5853611 9487996 3674157 5302097 5478806
3128283 5523338 3867957 5850314 1657711 421439
254955 7727343 7467463 6416672 860021 1514150
3152161 8797597 4035322 7782348 9301688 709514
4746200 6164578 5449020 9472074 7842831 9109348
1530957 6528658 6542235 5288480 615899 6833896
5203862 3804486 7264409 3336373 3561330 7375127
7191696 7263239 9337615 6241212 7258140 284717
6768978 3591623 1788794 1665650 1863380 8902484
4620196 1269822 6551922 8778482 8927957 9137519
29786 3656209 7680506 4758609 4319356 5129053
3879203 4966475 7111444 633566 1212810 7055535
4249740 9815787 5236267 6660194 590652 2038448
1371898 8504987 8906438 5164303 2703095 4251208
7320554 9865307 4665277 7639750 668284 9346076
281974 6425380 4876528 8126890 3306587 9905120
9694620 2433087 2943882 4208562 2362008 2291665
3173272 6135412 2378812 4733258 7415910 2047593
3666217 7960001 679170 4513473 7406583 422969
231080 4865482 953113 3429298 7438055 4454049
463775 6239453 4298191 7765367 351592 4787430
2179006 6122849 6509200 5331146 6965574 8157564
9094566 7163336 6142979 6614772 1991030 6567682
1872395 2587295 2449396 2617684 3973533 2708282
8666905 5768500 9018796 4453558 7895810 8441104
8952007 6265321 4995032 8489832 3744787 6122555
7993474 5407905 5783820 7591382 2554251 1293060
5538393 8335071 994427 2521606 5418907 243246
4279990 3616307 2874452 4385431 1556903 4850759
2004653 7846090 2265920 1589908 9098462 4583091
5768633 7725448 8227039 8068095 6379139 700252
3162531 604733 3418549 20424 8621298 6583125
783861 4281012 33044 1156335 7079291 5638461
1713855 6145299 349592 8775550 173568 4279502
5566652 4566575 4708418 144273 6485179 5898696
3856635 6403565 6309442 1200728 1822749 4828803
3066021 7470297 1955931 294174 9359074 4814173
6824697 4259565 4995009 6291327 3601569 7275891
4817715 848317 766799 6627458 9876052 2953163
4233499 6993082 7551879 3947537 2501443 1812563
5991834 3018258 4119554 7519852 6163789 2217732
273682 9583132 2458262 5204240 8090314 9608993
3682529 1419681 6786224 5535419 1950852 5914002
9284493 9275325 965005 7432527 5326557 5636861
5131896 7229176 6527513 3356279 6967229 4829666
7276923 9118484 4968854 143368 4302340 6340815
694618 9304844 8095776 2777276 6017644 4018436
4817628 9613474 2758002 1157806 2944928 8456371
6166938 8698079 5042230 1637876 4663044 3226118
847557 8559307 7691701 8482692 2387955 8934612
5690219 6917402 2615903 7628596 7927317 8971830
4640138 3539161 7117340 445409 4840800 2646007
7818226 6507216 3257680 6946569 2614898 5713083
2878859 3974090 4284248 8071141 7189341 8269149
9787436 5639047 4455439 1742736 9295810 5743033
8649114 2211926 6916889 9161163 7087056 9100241
1402533 7189032 1686157 3786172 6517667 9405766
1339030 5721529 3857279 2396222 3819650 8155827
9968437 3900988 5944408 1978617 5603833 8413865
4650363 7619077 9728061 4346753 7841159 2288269
4516390 2897402 4243350 1374307 1796294 2628874
5729118 8657062 9420159 4157439 5544035 5425866
4026925 9092686 7456423 4878482 6732110 1467812
4411870 7391213 1819396 6299612 1774298 5394822
9798624 6670496 6608092 8503023 4510800 9467979
9372179 7055779 9347872 9397887 9269781 3620265
5162415 9964722 3925234 1228405 6667104 5162587
8735667 5810998 8356952 518541 7951692 6511146
957442 9771881 886966 8260249 9934883 449946
468873 8216778 1123103 8848528 1575683 5125798
6020781 7226094 4146262 9952180 4785259 8488256
6077994 4629038 9822904 3836158 9716066 6767388
7542577 3183465 724108 6656809 7563944 5963300
7037869 9280083 8718804 96945 7545581 4738918
8581012 1111930 7120895 8897925 8929014 1053003
2497161 6313887 8389039 8799436 5207623 9441009
1016325 8783487 1025738 9868696 4440547 3322654
6688241 7121283 55815 4119578 717671 6751418
9725837 3812064 652833 5159802 1810658 2295599
6406993 5923836 9680512 9407343 1371168 3673328
1367360 7180068 5700023 8769901 1338996 3402178
8378348 8743140 7975842 1283099 5640483 8780457
4937561 7169173 4839535 5396149 3408703 424297
4683103 4461433 394258 369477 9172088 5116950
400169 7337359 4503229 6093439 2392442 9283786
9760496 1608981 7412318 7352410 8501335 7260479
7622630 7918340 5782287 6653636 5741230 1974531
8775576 8442738 8171580 1872376 222240 4641484
7456063 1010843 2515132 9256214 4724240 6909734
3279070 997883 8007980 583073 8369731 4001637
8898949 2284908 6350697 8692055 1522602 4031501
1368138 7585151 8667837 7579056 7773519 5490363
4642010 8029467 8720202 8419727 1593900 729349
6945370 8527793 7115118 9861744 8637376 1381598
6768654 504281 6884741 502583 4073339 7503452
9252498 7039557 9548608 1780650 7754686 3456322
5623833 83521 6920136 4140078 504237 2637088
5973646 9877007 3237324 7024769 4614204 6694772
8189532 4859342 9403982 7278630 3637703 9841938
6886519 9037205 3647532 4969099 1923401 1018320
7146760 865554 3511811 1164385 8326558 733961
5941754 2861360 274780 5263880 2795894 1510379
3809213 2805291 8023555 4478029 3888097 8760368
8144273 9743884 5890077 189968 2313051 9213997
8099469 1973867 3401854 9706670 4894131 8717481
9808789 654734 8160119 5901816 6993318 9638683
9125276 4809261 1550449 2503363 1083014 1752844
6419992 2925651 2063448 7893603 3469417 832411
1818382 2408489 5149107 4887163 6824825 2179516
5128242 6956791 8552502 4297814 3064916 6352690
7332107 6235083 7967228 1557298 5455091 2141159
3350259 7907397 5811973 8384872 5352752 9078836
7209919 5640910 8660869 4137233 3769975 9387400
7150548 205865 8504450 2569443 7888288 2485641
3568374 4921626 3829908 5980603 773573 36527
1086180 4827462 1744344 5197758 5171256 4847931
3785615 4862694 7470559 9922288 4543344 5562020
5020438 3433510 7055736 6070271 7677243 1183914
3518646 991009 3186815 9165101 7147266 2859050
7848239 4762663 8346795 5481587 7988924 533464
8311250 7369656 7133823 5775446 7298691 525290
7334491 2012161 469654 3812938 351617 8907281
1916840 7228259 5662521 2942430 7549005 4454777
5429905 7498102 7244382 2645994 2461956 9782563
6849711 1921078 7680195 8885294 7349519 408592
6501135 8304028 6873769 6937095 1611037 7173687
8428196 9244991 6134819 6530445 8735779 5665082
714259 9705708 639392 4279533 7248261 9919006
7196528 4905809 7213658 3892017 51681 490821
3289082 5665256 4907700 7351260 8925734 5377612
2845094 8449196 4662641 61062 7311802 2047589
2033511 4979745 5617222 8488834 4514233 8304013
8319958 8899459 8762323 1579300 1931735 2756247
9143171 2570178 4672817 7761189 1688766 2443709
3194933 2609117 8252346 6382948 3648012 5945781
2265987 1076936 319257 757206 3685350 286582
1002440 653196 2393905 8591802 2246021 2268515
4301784 8707694 391576 8909645 5572059 1152222
1728498 1709781 3733521 2151452 8208089 6355556
704794 5083905 6760430 2218932 6866129 4702684
3795243 5650563 1331732 9671440 6222846 3437297
7984755 7562751 5214108 8475740 576859 1278538
362341 551368 324156 2404302 3459405 2981072
2052133 4285287 7037058 7100124 4654449 1938230
2212260 114535 2868846 3963701 52412 8601445
3526152 8783508 3787066 7691220 4796559 6595458
936782 4630343 2484847 6954278 924890 8009308
5938113 3252758 1132922 2454982 1789110 7656720
6031399 8300492 1624500 3779358 166798 2580842
7665626 6695118 996114 9393501 7459180 6108311
568450 4021054 7510339 6612663 4949587 1793351
7491471 2671121 5754808 3728698 1467519 8829061
496224 5097854 3360396 9027750 1162010 1401691
805308 9757277 8325424 5212126 7932301 1751919
6976945 9746794 8616709 1206224 25593 8101440
5599344 1543280 7171163 6376536 6385827 6903836
498968 9325449 8303170 9339571 4963510 9117989
1901912 2302701 6832972 2795438 3283134 5068943
9220445 8637876 5533108 9594422 8588193 7701902
7782886 5356324 6088752 5758419 9635718 5202793
3176641 6285247 2645527 7653367 8129353 9924239
1657898 4119687 8712026 6456560 8528781 1836561
3098520 1465737 4793766 9207435 3310213 5629599
4918947 4181506 6463659 3547765 1985778 1387717
2568332 6004921 2955087 9469260 8593650 1029503
815083 4740548 9689730 3100377 6162929 8678263
6472462 4248544 4173348 6908733 1137539 9163446
6356917 2763884 109094 3696546 6495902 7122455
2908135 8575450 2046110 459153 839472 5454211
8739133 9628875 4299468 1257809 5085034 2124432
6969152 2188638 5526036 7682523 5641477 3788233
2146830 9998143 5302807 6115503 2734973 9061669
1456251 8010213 3043967 7300213 7190848 9221893
1278622 8871786 9509018 5832631 6561124 18199
8983392 355929 3901075 4235519 4361243 6534054
4378795 5214652 9163509 2048915 9939581 8948901
3637410 8674393 7122407 6320861 1549716 6497758
1819648 6792632 5840477 2984441 9002902 2829259
2410244 1438920 2438026 5077574 9979187 6213248
2615413 1136520 5627513 5507836 8699131 5285547
9887157 7911311 5636900 8768752 1736708 7520320
9898159 9407335 8070632 4095065 3662802 8516455
2099486 4957760 7322070 3011260 4012982 9768492
4177722 5998950 1353027 1071816 1825274 2922322
4096027 9301220 5235465 2950261 9433501 8803060
3321388 8129573 9975262 1836859 6433704 3638404
860858 3050895 5055924 8320157 3086281 9595566
4758626 8315178 7776117 3921571 2978087 5021426
8891178 9604153 7123537 5859020 1330114 2700180
3932520 8815340 6086036 2714577 4672725 2435487
2284855 6947898 9973833 9267572 773677 5533229
8541193 262627 8524056 3683665 2150401 962087
4712568 5857564 2912668 1757460 6313190 3510095
5146205 174456 6323132 214038 4059082 9829348
1679522 7462367 6799458 7275081 7904339 7618364
7552367 8146281 8378170 2620436 6035302 6138383
9621732 5491054 7541501 2242888 5380377 2715460
6497370 5207513 7453752 6161450 1146452 5472550
9787511 2175059 2502150 2575940 7568372 4498268
6112355 2070816 2888815 144485 7588049 3311309
8733770 1266111 2358287 905691 6131297 4004119
2583917 2092132 9822262 6774285 2135728 822135
5968594 2903316 4794078 3607671 3716668 8851569
2375596 5518072 6315915 1326908 7487570 5729280
5116213 4976427 577909 3879901 6508080 3964486
3249567 9477247 7903005 4230191 3509118 4114266
357173 5591678 9076216 3449632 3577533 9054320
5650287 3013226 39331 1680015 6607346 4665055
9704189 2504683 8354147 4037246 7768889 2069977
6995394 7406861 3778540 6629007 5789478 1154870
3426210 8704015 5584051 5857776 3524717 2658480
2919130 1738403 9394198 679811 3250498 8124989
9775353 8925963 1940538 7261595 5676621 4474344
5689949 3436198 8369080 5912853 4175712 4003396
5610338 9212321 1708358 5833027 7234796 6102256
335726 3728166 9802200 7921345 23421 4873518
3470268 9792511 9488508 7380850 8760884 4868943
5270857 9024377 9254185 229157 4261893 8842925
129438 9733799 1730240 9304196 939057 2353279
2785789 7513356 4528302 1580654 247437 4312396
950121 7086102 4503606 3291941 344085 9522331
8322789 1854007 8902541 7067020 3791326 5884109
4985836 8309098 4675313 3500137 641996 5151334
4749210 5381180 4950427 2865433 5703589 7500996
4372016 1031529 2789108 7448920 5135556 2510064
345215 1889613 9545073 5176111 6430729 1674782
365336 1978915 8680291 9731854 1906368 2407886
9940383 3062418 5942473 5846130 4318359 2629959
7677966 9285652 6871360 9376968 6831444 4866257
9361969 8084688 1382513 7002609 8919925 9312556
6733223 873869 6718450 6392477 6721805 1901712
6339036 9809724 1878369 3000531 3134800 8663080
6471042 5017356 3474812 2542540 2925049 2641171
1558523 8525885 6713169 159148 9770953 5849903
5638704 968246 5058169 4678815 5814142 8346040
292268 3362727 3058989 9367735 2998630 1032498
5689435 3547906 6340612 4040760 9507094 4508635
751590 4677434 6150851 8208279 2905925 1814087
1391445 6819428 5159638 8741342 5444085 394040
2599386 6574074 1102915 868546 753773 5753558
6843542 1660220 3995581 3532328 2708263 9772073
5604091 7103306 2018725 2442313 6853105 9377143
6300558 7517763 9018791 2204534 9407558 5093519
9699052 7430424 8062320 3244082 3287370 8994714
3186402 1550925 7918641 2664949 6768349 6424556
9929583 4820888 2794133 587054 7197217 7846873
513054 7219261 1969171 6378778 2604188 5802618
9795361 8949131 9966323 5782494 2440784 7926322
1375248 394851 7166516 6009396 1169494 3323348
7691237 3599460 8372850 5000866 345926 1157337
1853432 2939141 334957 5594169 2512730 2032216
6583010 5713503 320545 1171918 1691480 2188297
3124347 3320273 4826235 2259701 3448720 4338238
9028391 7403907 9110141 9992318 1289700 6373497
9258039 3920187 3651394 9470784 2895816 3597756
9474023 5512187 6873334 811834 4525346 9665047
5467661 4201192 6436401 7934106 9199484 6727280
7605777 203330 8703371 4978219 2885048 7849221
8497113 5431535 150740 4034611 5972475 2942019
2047195 1861113 1649440 3961459 6336129 8592543
8380822 7112226 2817686 6722788 1697894 6179292
5314962 2312513 8794927 5161188 6792040 9247527
7901837 1094284 8204422 2382860 2386540 1086369
7670125 4279820 1035138 5802173 973671 7464281
3447016 5439412 9539711 3931315 8764638 2664232
8015606 1506202 7865062 7843858 9553284 2087258
3909593 882988 8505436 2524079 9663256 572534
9054293 3335925 8639495 903212 6132773 4878190
4737596 9664334 9474572 563071 6291333 2056309
7557404 2578648 6138554 5353405 3275772 6258482
6639580 1383647 3547875 6130695 7145582 5285838
1382465 57979 1540999 6117164 8473267 1503552
2580933 5146046 4616563 462604 6747879 7637746
8824786 2543803 9306638 4661521 9193718 9100303
3189659 7452535 5214868 5808753 286453 6974635
5948703 8556188 7607215 2246953 5884498 8279609
7024658 2923598 6190342 3353656 9520747 6074794
3337190 8620431 1191067 7971020 7982137 1145286
7439745 7094799 5830769 8500808 6528619 731969
6951843 1978059 2189928 4447572 2941035 9693046
70970 5573712 9771525 4566364 168461 9917078
3896336 333980 9261548 6336954 3437946 3824280
1447403 5471129 3023055 3231844 1324330 573286
7909235 5218638 9470397 4069581 8369007 3191653
1143866 7447894 2027569 6875246 5295109 3906438
6089680 2577085 9982563 6497296 3282686 3947035
6303268 8770826 8451970 1273988 4074684 7648156
1883738 1102791 3656853 2006489 7053405 1057489
7708913 3719999 653729 1616642 6538337 7722396
222649 6001388 7204705 6579871 3422497 2720567
7889509 7021089 5038870 5355110 247273 860860
3841717 4950107 2188442 9076020 6928575 2553503
2121316 6635246 1143954 1822240 2185843 7266215
9534799 9137376 394488 970079 9166333 1575110
3252709 4473038 6038748 2260166 6274647 7281297
6742330 9723396 5348328 5731403 3384479 7053594
2609286 6528627 855517 2795993 8164772 2103298
8869046 8632892 6791423 8100225 9495326 9903090
6578442 8400408 3815545 9938489 7045072 4285121
2326078 6919429 7854756 3463759 2102401 5774235
4822111 1581550 8675459 4907144 2333690 7205178
7205175 6389912 3250767 4090360 9212954 5657215
6410698 6738805 972604 8291189 2101033 533440
4783687 5152483 4977711 6135658 5681724 7874239
3465752 6803840 2678324 1063207 3405324 6465049
9198837 9145527 4426226 5081281 7973882 6583221
3427838 3961901 6299202 9586244 895050 3105413
6652322 2488081 9187453 8158330 3527790 306266
3312516 4034889 4818396 7321316 8680072 6949917
796523 8686452 5899826 801220 1441392 5529849
4526853 6141967 2984588 6785718 4891522 67426
1230988 1329416 8764923 4389383 4863350 8139131
4234238 5197442 4257433 1872298 9483336 3193642
8686785 5307422 3276050 2372058 7750690 9370434
1646652 1877521 465454 7476309 4284758 9287430
683394 2626618 2520508 769352 5059391 4753082
120824 9866603 7596559 9120026 6927341 2198374
1541342 8923133 9171539 6679265 3087078 3482630
2692483 8924225 9203116 2706184 2114435 6133970
2253799 2154795 8391276 3614153 5139066 3014001
9601972 3754679 7044658 9477493 3705988 2236732
5618622 3464885 138051 9504351 1751473 9616732
5597083 9566758 8380081 1077676 830716 8827557
198895 4967387 8790443 6982824 4783825 5360533
84313 7977210 512182 6386538 8515553 2904596
6361805 6506671 4727537 4582557 9518054 3172661
5153715 2063849 5217145 6934806 1060642 9622192
3344579 3188132 7172751 9586383 7109100 2547677
7753889 1176123 1324078 9563719 3415258 171679
4223558 2619147 8970853 1684125 9393179 5728778
1724550 9232083 4949332 7233455 3142545 5244802
4889194 1014525 48703 5207419 5923960 8766866
3610412 3264088 3906744 9168250 3638245 1595693
8187781 497929 868109 7964505 8632649 7339429
1580517 6798085 3091413 4555858 358999 6898907
4201808 3469590 2670670 9488367 5210256 1828558
4672859 6111123 45586 1927949 4697189 6094575
2498973 2546469 5252162 2557212 5953307 151169
6264934 5055307 8980901 7375160 3496343 8895249
4860668 3760045 599434 7609902 5652937 6344459
2153389 333336 655525 3149796 1005610 2454369
6096196 4122045 8053832 2078185 4495390 7527121
1550106 6259832 5800740 4773534 5465531 6086179
2087267 9023305 844777 2940244 8290923 5303692
7918005 6826648 9973246 3775420 4627698 1450211
1229124 7062957 458185 3701127 9774559 4363852
5439049 9349176 1540858 2797793 6461015 1831262
2097336 4186749 559916 1453779 5825053 7236511
3094508 87134 8294513 4513254 5522635 6629632
5499681 9213145 2042413 5351833 5231791 4178962
2481122 2320776 9494346 6603620 849061 7432433
7068935 7848979 6485272 1436888 9334484 6116354
4545320 9289473 2562289 9013515 842907 4104174
4743775 6464225 1001594 2736735 680911 4540564
3155698 6715869 1540321 3828553 8201445 561414
2321439 87216 4117385 7361896 316670 4140239
2336916 5493715 3337687 3127483 4384844 7976074
751239 1657620 752649 2178158 9967933 6233162
4067342 6486166 8370237 7938238 608058 8767565
3177368 9744387 1639864 4953782 3447922 4133191
5892111 3240382 9647533 5923857 9115449 9247268
1998969 7183424 8972802 8422050 6676599 5349191
766486 1616291 2079381 3025519 1985496 9023291
3787914 977539 6747936 5307159 9761210 1715278
2191177 4383200 9479157 5349819 4184527 572283
2500374 7383134 2045792 9204496 7235371 1144461
8328540 4827381 2542170 1505381 179189 2784509
7260359 5645291 9809567 3021046 7171752 8991766
6688184 151848 7758890 2616572 1165867 2470383
7385255 584952 3479172 7932255 3732680 4732248
9768110 6649149 2998897 8400518 5921676 9293464
3303398 1561989 4380920 934920 4696978 7158115
6481120 2282532 798349 3963427 8046800 4115918
1905711 9170130 7211447 487391 8661635 4032678
2813393 9883802 6217266 9575409 1819241 6650419
7665288 396285 1094700 7809922 1737271 3530040
9785612 8859840 9723615 516102 9717647 5609762
4610846 5753264 5454869 600775 6135451 8883334
1672034 3421828 2538152 9363254 6026543 4562549
7520800 9280719 7987513 8966218 5587125 6037873
3076198 3727989 9742748 7730500 3269631 4300693
6063414 8671198 545261 7268308 4177815 9186959
4392302 1389608 9452483 1601685 5876544 2908371
8577808 2212617 3748350 7333931 7903375 8397413
4112266 8302034 4369741 6532150 289121 2456552
5542526 819393 3272715 3685741 7439904 5989658
5867013 6880345 2483632 1154176 4537361 7464252
8338073 4403725 9244013 3351193 4970951 4636935
5110066 5919115 3404174 5079142 388409 3374507
2289523 5742266 5824614 1345335 3618234 4967597
9930951 9531263 8382077 8088708 1725781 3358421
5914244 706560 3949703 3462825 5734671 8996199
424739 7423632 7675256 6284097 8995858 3499649
9153400 761073 3331082 9732805 1422084 4370005
9052378 463384 430983 9898207 1396218 1697638
165043 4521678 3262111 7516034 1223224 5006097
9082175 249364 2677943 5885591 7436948 4264391
687231 1647240 184443 4407975 4654403 2964777
5699250 6005425 6746408 2324964 2191935 2857160
1636515 198145 8109178 4012072 9036330 1262397
2927437 6016036 9310342 2252065 3297781 1212993
5734087 2908704 6200407 2669159 7201922 8746493
821705 3267808 3324124 9066690 9045574 9774843
4185561 4644403 5808981 7466206 4198956 5390792
4951229 7840078 2329742 404951 5879518 1025078
6896918 5070102 1213033 1415546 2958153 1420912
4954048 8435166 8349459 8971450 8673887 1745698
6764369 3030091 8803503 7999914 1503258 8924126
9533035 2569824 1152571 8334335 9826510 4391927
5453416 5461231 1817079 3919549 7300835 5457702
8883250 5329136 7029185 5175329 5772240 2131819
7533459 9406159 309654 1903212 4112642 610407
1425384 5214111 5970515 4063282 701836 1168864
6587289 6951314 6336819 3405616 871916 3309694
9872506 8562583 5243592 6821105 5962129 7496922
9603832 1034499 1134330 2891756 88199 3344750
4716513 1589040 7257851 6671683 466455 2097099
8614472 7629822 8457182 542163 6908950 4612398
8421412 1390134 4759395 648215 7332259 349520
9120882 5477634 4457220 3719491 5302822 7209656
6888227 712353 3444029 2812732 2299379 3078142
9476077 8533628 5125912 2625765 9346768 9112795
3911013 9915606 6484859 4239720 4791144 3242093
4852511 9330342 1653633 631193 8399693 4571995
2737527 8955617 3702239 784809 3770873 4610565
8887530 997021 6286218 48194 9783455 9754101
8653069 5801739 5330442 5379039 1066086 8375321
9486486 5795647 2043365 5646599 6737201 7416653
3864661 4881162 686490 1215126 8866980 5972479
5556023 6257033 2312659 8872033 75205 3343762
9375903 8691267 4762755 515346 3738234 8349747
2826576 3862819 132150 6730757 5586650 8989404
7911650 9473471 8264256 3278311 1144707 2604046
2528630 7090927 2218416 6285585 6920148 8889710
3924075 7672403 2130041 313739 4492170 3526422
7441442 9781035 5726534 1986680 6003136 2374819
3612566 8971139 2057412 3693617 2820023 2874381
7284502 7133903 9294511 1697085 3303476 9393508
7708222 2277711 5112326 9708612 6343403 2984278
1125346 3090317 1771118 5873044 6591271 6065830
6219705 2512837 9370648 6605728 9289315 5805614
3262870 5924969 3470334 5889436 9665745 2173567
546634 8835012 4270904 9344034 9001083 9786245
9595199 2226989 4368927 2736532 2605516 2214458
8414095 7732829 3437632 2742256 861334 2912818
603701 7739522 2379868 5991581 7473911 307185
3503732 678774 7844588 3488896 8434215 7378506
5923173 1818786 2611966 2938758 9161978 7508390
8713374 1781312 4089234 1984873 6277844 4364282
1696903 3483173 9907320 7156190 8191632 1556485
2367982 520614 5063635 557516 5285735 1926223
9793698 4555052 1361100 3963718 5840301 8322309
1941657 6106302 3792773 6990420 6813358 786730
9602492 5475336 8570850 5929242 4028881 9080022
8823584 8618828 1461677 8015586 4294678 3990738
399865 6347542 2487141 6288102 1120914 7913601
2314870 5365657 6533050 685743 3145059 4606926
6147289 4749655 5941010 5766925 43216 171542
571508 4706482 6669814 9120589 7553697 2716295
2985635 6438739 6491732 5983613 1733931 6666907
464546 1778112 260374 7370362 3563852 9492758
5835168 5653554 4985388 5879172 4675549 1447701
4253679 8916749 2330276 3963924 9781952 9279226
3139011 3056659 8575611 1290134 7444078 9588195
7320924 1279276 8793845 9770845 3302467 4682174
1421869 6331257 3631726 9866143 221196 1366947
4346552 8776927 1185803 6448252 9931757 4389661
5186153 4692335 30932 5222113 4866909 8636948
386019 9021710 6656786 7212506 2844601 8677272
8091295 9174411 4334034 672178 49437 2284576
698913 6064322 2351087 303213 4457303 8344292
7815974 4387536 8695552 963329 9617372 1005025
8093422 6690759 3124901 4185950 6103981 2751742
9557262 2098810 6412366 156896 9384826 4280756
8025388 4209363 3486655 4954453 1774847 1046785
7032913 3674373 8727489 8901226 5749338 3867434
2038573 4882940 235032 1686640 7406138 479372
9941395 9422689 9404338 5651761 9119083 6153842
5552370 3905345 3070430 1582291 1114916 7950627
5872210 542016 6679496 8070331 2277825 247940
4857637 2861521 2612689 7648767 3930416 5942999
2277536 9192195 941420 9257467 2147376 1221040
2516710 7870622 4692672 5932993 215501 9962136
4876418 2373627 5090279 7332812 9402082 7869502
7976355 5450621 2559457 776862 3029016 5207322
7187937 3968242 2605115 9987091 6829003 4544617
7866683 2292628 5492273 3461338 3374224 9926887
5212422 6294902 1757968 1849389 9065580 3244294
3257955 9939216 326515 6717360 3193912 9904197
5157660 7524824 3459438 4743186 9672411 8479794
3383542 1500673 6163179 5734098 2069530 8179134
8615924 2529619 1041618 148054 8066309 7922872
4469862 1415079 8999402 5163392 2120390 3107180
6111534 6126965 6385041 9315162 7518906 3089799
4880806 470577 774329 2700917 4829430 9304178
1085178 3123497 2620216 7012479 77796 1873551
3763708 9478323 4225372 3578833 3233464 6535961
2202675 3109900 1872907 2403642 2247497 1778833
904795 9994268 5404433 352258 8631652 3545446
2094753 4068379 3981767 3073379 853291 1598953
7404804 5915007 7700188 1737439 9062875 4942812
5302656 7457383 1337282 7125851 1399683 2642066
8881807 2532700 2893500 9849079 7112487 4409006
1216892 2477163 8223079 8995495 1796121 4835162
3899745 732920 4491844 9074770 4917725 6009417
7891783 690328 8625031 2626419 6174028 7318457
8835773 465235 4047024 6930094 7100986 4790113
441550 3778944 8594584 2762367 1470451 6098952
651945 2245673 6955891 9572760 1856487 8376127
3375873 8409309 4118885 2865026 7837694 8329955
450968 6227886 2539657 5327865 9234067 709355
4017034 6255387 6358671 5575042 1013306 6647252
361981 4286797 5376177 3432965 8553945 8017177
6240577 1137378 9262469 8392892 8422824 2672052
9053525 8319022 8833841 248904 9250546 7764719
3199572 5970747 2627540 5717069 6479126 873100
2250456 5113685 4544877 7885229 8745332 5215063
9740280 5076903 1232366 308639 9210779 7569689
2999950 9942908 9855363 6101708 6624448 6700316
9067486 2058075 7805061 9867605 6274339 915044
1875513 3768130 7004841 8593951 2375470 5042559
4019711 4644912 7807670 4503076 1182509 3440259
3472299 8355348 2392045 4047405 8652611 3345921
1439685 8744886 9108243 1264152 7248953 9307637
7909355 7097863 9346298 5927223 6649583 4421051
3068038 2382850 8839345 3629832 6009716 4977201
9210779 7569689 9740280 5076903 1232366 308639
