12
2486685 1107439 4670106 7716041 6575188 4327826
3540837 9438622 1012664 6424555 286368 2480291
3201101 9897671 6821231 6548878 2827292 6153464
7042515 7017966 9497784 933884 1609071 3819710
7979476 1694671 7937836 3072282 8230284 8864695
5563023 7167340 6992958 136144 9918760 8063016
8587435 625033 5143937 5252582 2728251 9937963
6911044 3866154 4343339 6754055 6773816 4728746
2445187 3534841 5262526 1694272 3465878 6916949
9897671 6821231 6548878 2827292 6153464 3201101
6389989 468555 1208338 2147969 861532 3119028
5487333 3064957 9978910 8758215 7961442 2202258
