1000
3940888 5778047 6548122 3453848 8403468 8464721
7683944 2950209 659202 8999118 6954870 2532043
8288238 7503080 9512035 33529 2573473 9946068
4546061 2399624 9744999 7184190 8974135 3130924
5062268 275956 6754788 2563759 3811110 9766597
2826403 2008315 6335349 5662296 7391834 4347818
2146310 297042 7202416 5408416 9706693 3221938
4803262 7538522 8666733 4986954 5806281 6896931
6099052 6076229 2073765 4892264 531117 5875712
4475427 6756697 6803911 3417197 8391580 8127512
1709933 5120184 9139099 892604 6172714 4946555
6196694 2625941 111246 5164216 7887218 2276430
2743651 9137645 2692930 6523060 2380928 1435612
4464191 75313 4469674 9857857 6464707 7734881
7692831 7934139 1477197 459636 1186868 635136
7543907 8729113 1905462 9074904 3698483 4586508
4082839 3910657 1365807 3720177 8790260 3180340
6785684 934835 8189010 9797335 2148612 1393472
3182781 7952366 4375769 5368298 8953006 8316266
3657837 1852076 8655477 1404218 3199773 8238575
3469357 5737057 1439073 9476110 7620309 9158105
370968 3668746 5439162 8106422 2440221 8470271
69804 744013 1285053 1289334 3072172 5529872
9545870 7895495 5785527 83725 7276855 3234501
6259366 2175608 9776107 3589195 5417066 1846406
5931031 2678621 710883 3127232 250820 3053202
1741267 7309574 3314525 9030905 9426367 8479865
5954310 5076359 5512145 5905498 5298493 8208992
7031213 2368503 8779903 3125604 1858347 5304277
2453048 3385632 8460202 8204571 3216743 5444700
9381998 6781773 8251680 3592755 2175390 9761600
7759387 6942572 493192 8231850 9548067 5762598
2215346 514964 8469128 7305661 4129415 2200495
7722356 353868 6877114 1567114 6557981 3048563
3066503 2805426 820273 5406606 674184 6865188
4593000 3536695 4092830 7869825 9648907 2644593
228185 2361555 2900969 5750545 8146110 8355921
7715799 8799363 2820435 3017305 910258 1343382
6835148 5147386 9256216 6259707 482215 2862874
8567585 7814883 223791 5203116 526251 9369963
8941326 2352780 6268387 3628004 3638850 6011371
1669768 4345520 866057 5824534 7077475 1767860
9299525 1971810 2207757 8521193 3851314 7758617
228127 49198 1895167 9476890 8571457 5526797
7608971 8333292 3054480 1229955 9302239 1834024
2420802 5025068 1835303 3531005 6809219 5793330
2087534 4087795 5160513 6809063 1347537 6564737
477325 1010613 8069911 7488356 6960181 8510404
655116 46392 3963568 2465173 4974988 477053
7474795 9464435 3781322 741589 6019032 5305557
2956891 439812 5043281 9032033 3403732 2052406
9932557 5768519 5162591 6414427 6433658 9763519
2598104 3419063 8701660 5330430 8999565 7560844
7456886 120615 1373111 4544076 574838 9255847
7870455 9955628 50080 1358249 6056210 7344783
2012007 1345944 8068762 9854955 3852172 907724
1521456 1445292 7606880 6017504 7555799 1191661
3347812 4240689 3612733 4200048 9867069 1555924
1775392 2144365 464870 6220478 3284702 5898417
3932446 8412815 9864973 5787434 1161577 3448104
2002326 8574307 9712309 7817808 4402420 5087714
1694757 2743149 9566891 7793936 3808973 7554272
9953963 1439382 2564815 181449 1196263 6334149
5643113 3670406 88559 8494155 9582856 3911844
6879912 5791529 8061241 2170345 5922509 5439357
1042750 5734022 283715 4158776 4015177 8981491
1479351 5530004 9838269 8525019 2505291 7123919
1989033 3981456 8335391 2910598 6266514 1845320
3333602 3750996 7216551 3530824 144320 7491170
3359544 3508171 8991451 5800464 937895 8610891
7026472 9524412 6820639 4127533 6751185 8074951
7270557 5795186 7424205 3583323 8702097 5666258
6495880 7118093 1165115 2964639 6505121 5601399
5576452 3969314 9525014 6215921 8836742 2171513
8222805 7511926 5589701 2792544 799232 507005
9990040 5678887 4592108 1227378 1498546 2980879
303280 7861500 7230271 260440 5640040 471328
4421115 9750278 5048898 1550292 7034944 3026227
6326055 394905 7003050 3390051 224011 6968581
9085876 810551 687669 4649126 5904727 9239259
2485249 4478012 4995954 6917199 3593282 3023210
1074150 5268502 5619546 8184235 2661359 8643621
8371128 5316012 8329273 9053685 1794806 9086463
7122614 6672512 476982 2563474 6466489 404327
3503955 6599989 5454875 7623527 2141501 687995
2293210 5654154 1956772 7991011 7775190 1162028
5475373 7503915 6156996 2025687 476142 1766442
7406680 8141819 7733545 8359428 5018922 4907999
8639307 32190 9015745 1601205 7526511 9232215
8762277 9921775 8011522 4591627 3413243 6993293
7568335 3450622 3127000 4931551 5891025 7007204
6686849 380117 7540821 7167245 3578312 4290890
2929467 5096927 6196370 8710540 5156793 8324670
2670781 5144526 1581067 546876 8984219 2109310
1672249 692005 8127643 2724557 9228734 7853414
3150505 883746 4090671 9163702 4457352 7025519
8639441 2475128 2250794 726341 1672579 4638805
7367177 1472062 6453878 4724855 8671737 2429584
3035844 51737 4764981 9686852 1920845 8268716
5412226 7021458 4466403 1017690 3259301 5199020
8879561 3962292 1151382 9687406 4016739 2694565
200218 3765765 639574 9170850 71098 2681665
6073875 1944439 3471947 6942261 3179698 7512157
5655431 6947394 2020267 5698059 9688712 9176997
3088433 3463652 8962900 5821955 3751476 7435893
2559116 7621750 9215826 7051774 1846780 7710287
3487422 7679771 7455322 3759313 4524636 4905972
1790009 3864994 9980638 2083316 3612976 9976406
4796769 8469964 3841760 6954245 5362258 6311906
3178752 3181502 4273579 1974384 6598973 553086
3731664 4378263 14288 3203680 6611734 2449348
3465838 9022101 97659 5761660 3454839 5499927
56835 1896118 2422758 7114295 3908049 5823718
9196359 1005116 9850676 8986494 1025185 5281511
3594133 5604871 2259492 2903919 3873021 8665278
3436707 1513037 1080797 6902235 27648 146373
4891683 8586329 7253259 7531290 8617478 4590875
9878746 9035109 5015125 8341833 6897409 3466139
3889148 6064456 9273452 8449861 2778025 5593856
702410 4745170 3353077 4732776 9609546 1006862
189856 561918 5149079 1432381 2324952 1941801
4419129 3154599 1868470 2276384 2222612 5321719
8570458 1665069 2387638 5259800 9107747 1990076
266386 5252300 8707461 8793352 9014771 7808565
9391825 4986845 8735012 5486940 6199824 5282478
6793296 158906 8976782 6246397 7341433 8055559
9441795 8446364 6710156 3073323 3922703 3742810
1597669 1612763 3841844 3951732 9879403 1112956
3206218 5442610 5637422 1363000 4466390 4357246
2299401 1396503 1547147 7340514 2040556 7338107
3206789 8932189 6954775 6585992 5483088 2063706
6344937 2324061 4323635 4332079 5818005 661383
5279920 7193062 1329597 4964651 7195682 7402007
3966720 5440092 5107442 7622056 2280722 757214
9645055 5430295 5692516 4619536 3946995 5944930
6508412 2101280 6405808 9372049 9866534 4990514
6788034 5011677 6129675 1778138 7606795 7555342
6789320 8874139 9624604 4976039 6083080 7273327
3027649 7334750 4200821 4145139 3373793 6600463
2230664 5584733 6651466 6197561 6940936 52793
6371189 1725400 8377065 8378705 7823666 3716724
4255574 5907870 7326528 6339082 8176616 2184004
1272332 2188582 7833296 7552099 832735 3406582
1132609 4669016 9347214 8419189 1591887 6612244
1744108 2363272 8727486 9805344 7141384 4281801
8339047 590473 8070741 6076881 5406948 5881395
9178276 8410615 1050472 5907879 720464 175209
9946798 6688566 9158133 2016817 2872807 1185211
8767167 4678565 4751997 3244884 5064951 2271919
705578 7952000 133513 1764820 6634596 5460394
4989238 4450229 8766486 3044726 8000035 7586143
4113262 5195450 6781634 1951901 8373822 2422119
2356110 5224729 3948551 9172004 8472390 4903321
7454110 9727291 9490465 7542275 1038177 2462819
9529803 5094163 5525522 5798821 5371303 7454948
5747882 7413455 1776018 5590078 918641 6270234
1408723 6902072 8688530 1571990 7903554 7677356
4403577 6815266 6304742 2329877 888774 9840221
8323367 1533573 9479609 5230191 4310709 6907305
5969928 7446962 3412052 6303666 3514922 2905872
2060621 8314440 9824147 9326685 6204019 960367
646101 6766031 4306088 7678316 7763281 1570318
6214790 5882120 1823737 1813109 3138698 4222911
6158076 7199926 4205388 5685300 7475453 3837729
7975338 517690 3102745 4868712 9620150 3471679
2858182 5105057 3387149 5782658 9511369 9589113
7853208 5076891 611246 5344375 1683776 4122742
5534133 645051 3770292 7909291 9015401 8428589
5083568 4156819 4308264 9189141 145590 6314996
8700483 6375320 838986 5986418 1351347 5686328
7857621 5777388 7145881 834409 4820134 2658224
8183169 432132 6370750 2234623 3959900 8061806
3611664 813701 5516150 82646 151167 6830402
67437 66047 1502289 4674156 9785144 5463331
9163414 3669040 4959466 7072152 7082174 3136048
8750126 1866790 3725544 4924918 7486753 5906387
6976861 4699723 5824916 1112068 9726121 8583268
2057838 2848944 196918 6246457 5577477 9331888
798846 8617837 6224152 4008584 5918981 1285299
4184039 3183465 5992244 1682550 1670994 1151094
7698757 1111016 3349957 3234701 3484497 2093110
4336262 8686745 3326947 9609762 3105784 5451443
1005486 8955368 339925 2919020 2616317 6936199
5266412 2916957 8091562 5627578 6273306 8464337
6911896 4741542 5947809 2440244 740878 4303288
9914142 5294311 3028729 4673821 3413311 8615105
5233310 8823136 9364446 8103807 1910194 6890731
6004941 1189083 5512052 772708 3003097 6963612
945373 1265019 567148 9056044 6416137 8754037
3059531 2071179 4837710 4885620 6322805 8742955
6145301 1896017 7945867 9023659 9695619 7811473
2422714 6331664 5542057 1724820 7685709 3793180
7571753 7162605 1006762 1200830 9622637 5084223
2952284 6139187 1738444 8984196 1494871 9475859
3736140 858098 8878173 4274692 1614289 1342132
3777395 347689 2500330 621491 1958506 14177
8944864 6981281 1493463 7700578 8349994 6671432
1421555 9220553 3579309 6773967 1484291 9253532
7747274 1858701 2448541 9753487 1933335 183618
7004510 7161104 401146 8470008 5287519 8837521
8933299 8148022 4717375 4199924 7947425 7338019
1292849 6950262 5204099 992585 2255966 2641355
3590759 5251705 7789192 5067012 7562641 2274318
5896549 6962172 9373807 9624641 6527417 9755588
8893590 4023907 8414353 2316711 3616980 4797401
9613030 474856 1693762 2655942 8767278 201971
1954057 7221630 1273127 6241289 5481118 4534029
4049432 6754689 9602734 9807186 6162727 6681630
2394426 1937498 9598463 8126828 2573458 8325346
9463714 9308658 1620605 4961786 5306334 3923517
8923666 8976137 3333281 406697 1379554 1781110
947592 934817 6484426 7587221 3112954 341010
1001190 9655260 1481054 4839778 5575208 9772728
152853 9086403 7861180 1732723 9922285 1679481
5198938 1486202 7901397 3368415 3192227 9458620
8581366 6992270 1915296 7349609 7317623 6504980
1200747 3642735 5375134 7821624 8859593 5227910
197203 4807204 8824543 9257452 7125637 2918198
6844292 4623936 3733449 1847876 4808932 6219930
6062337 7190942 9053851 1653800 5207759 9893352
3879712 7579177 7742589 7025806 9005854 6120683
8425714 3651581 2337636 4976073 3639030 1932473
4397593 2331229 226810 2633270 1535520 5115081
2854937 5941485 4360564 4983199 6524123 8568291
5725170 6733489 2183338 5695365 1287272 126681
7451128 9546946 8434975 5481782 3941911 1280416
7485320 3171397 5801350 2703859 831738 3474056
580561 1868218 984905 1800976 7450283 2477703
5993119 3429067 5655421 3938770 8798862 9266274
5532787 8896513 1055053 9174297 1300635 2272365
3937345 2730348 2364308 2210955 7524944 4092084
3497497 8915811 8389317 8946394 5147949 8364123
9313731 151078 5109746 886507 4402637 4655904
7583386 3924194 9283206 9705635 9702245 7858205
4471259 3512358 748084 9168701 9948995 5045397
225362 8311022 1870761 3528984 8766514 8101389
1109747 8369605 4343274 6892821 8303478 8534472
4088385 7046725 8281117 7291298 4625039 8647784
4156527 4646279 4493876 6399149 1590911 7376440
2989158 4231710 3028102 4506103 7739696 4012586
3343999 4328796 8966816 3343920 8721031 6836927
6493361 5784746 1384563 7008357 9776760 6033031
312630 690565 5620715 748734 5617249 2655520
9577087 7179960 8887318 2100299 5012173 5302715
551521 3826213 6720110 4494321 539826 4534803
5073287 6603644 629909 330687 3548821 3974681
9567656 744465 8325694 1444189 797936 8840293
7263220 7148170 4869519 8460844 6086518 900346
1755724 2240423 8614460 372582 4929015 559735
5125267 1243699 9316623 3664100 2792398 4894818
116816 1999040 5244919 6849760 1935069 3173115
5403122 9981942 7141744 1646034 1181078 4872784
4329826 8132897 6382023 47025 4837079 7864002
433195 2090677 7739694 5819764 2738596 8299402
5920343 4700704 1674628 70173 5205419 2305121
4658058 5903555 7952066 3430875 1327373 8798896
3595373 413460 5213100 1696403 3057721 6104576
3758602 109690 1059345 3741675 6042756 6796117
4177712 5078242 6406620 1452620 3230904 701721
7155124 4297051 9260444 6945516 929417 7234364
1498487 5332949 4776522 4836622 6987975 5277523
6920718 898950 6805524 7583127 6451651 4423618
2650901 8736791 9032955 1635118 2061162 2628905
7240057 2178667 8657948 4878510 5892460 127177
5898500 3205438 2672650 7250345 6275751 7030322
9538452 6649857 9484043 7978735 197916 7724772
1328053 8921979 3121715 5781822 6820957 5143805
9990593 6594585 8626591 1983001 8801718 4494113
1668765 5520006 2235888 6631538 9705459 8750749
8576416 6619976 9440488 4649345 8938121 3782537
2604872 9670373 4623198 9775202 8044675 9801794
4939575 4672166 8538875 1308183 307064 3139183
9507190 1458235 5357709 3514143 4887917 9297875
1500585 3915499 4403719 8178537 5581579 755745
4794433 2906913 6944397 733293 9402319 3577939
8284283 6678707 9983857 9339178 3176949 7150584
520606 215391 8549909 8824797 7043425 4129552
5955237 360581 5212941 9096705 7124348 8247224
3393039 5062273 1732059 142612 3148760 5022622
9378817 4426335 4088793 3867453 4980768 5137761
2857396 4206282 5269846 4960935 3023900 3628357
3155325 168012 8281285 8207125 2993536 4672525
747966 2675788 6872073 274167 2223299 5220997
5542804 5697728 5782564 8697172 7340253 4340046
1845880 8141670 3529947 4961235 9960360 8750614
3061791 6653153 5234622 3412148 5967400 2837143
8859706 994302 7336681 1584583 5941379 6956336
9965939 5185914 2068736 7059533 9394646 472971
8150549 9104649 2203035 8867795 8324649 9283040
9355197 4160223 6866029 929799 3115055 4882229
98410 8194090 207651 9530670 5145334 6340383
9437903 7335817 6708387 4034929 1414461 1228997
7884316 3958220 9756348 8826228 8731233 2154338
2271310 4786346 8747024 3056975 6810686 855710
6547579 4193995 8328503 5951581 4056951 1807176
5971114 7929906 7879246 2454452 1486173 7747289
6748685 435268 40579 5728353 7621630 2058828
3764584 4115619 7690188 974038 983479 4366429
9526691 528968 5428989 4711690 8658489 8328709
6135205 7041435 1383404 9351940 2983091 951338
8011879 3486321 3278866 4901210 8063815 3484554
3349750 5429863 2472046 2009059 2077543 8295965
2113759 6542956 7164715 6688195 9292390 2695066
3165522 5573541 3210516 3962074 6424889 3527982
6378186 1259424 9271417 9550537 6319247 4444738
6363884 7396744 7452177 9089241 7716473 4135308
8779961 8863373 6051803 4205633 7624287 5553615
1894382 7517632 8451425 7133024 2597930 2115532
1163993 9447009 7749044 8688337 6186417 7409550
7740822 4049805 7061431 9750884 8523023 6804391
4213137 3799212 9110616 8027308 5645174 4680798
843787 3024517 8826483 3029406 7908233 429017
6643262 8959888 7949253 7656901 2067691 8907257
5076556 9245162 8661493 7155884 8386544 6872237
6695694 7675547 1210327 42627 1348418 3666668
7073877 9029077 340349 9247412 9992496 3825075
6442998 3867074 1872457 3770627 6289236 9573413
3289049 8134586 1538775 7320026 2045074 7226529
9460296 83920 1982113 8154174 4674327 9277861
8142897 7057253 5412668 2238378 1331613 7969627
3470470 801160 1676099 5159814 5955529 8879155
88668 7395850 8967392 4124178 1213902 8200617
7034799 1305929 2955925 9088080 3866835 251957
5333462 9375668 5630472 3983797 582330 1264497
1684555 8919702 4354749 1062487 1104514 2935243
8412407 4204619 2535460 3902830 300156 5488076
7897313 8129234 2179056 2659619 7231358 4649224
8259136 5336118 8870018 3781495 1119374 3368398
6321936 9054817 3190417 5160710 6904916 1955945
2339154 9486672 218830 411601 3475259 7035827
4524405 9026180 6291335 6032149 5711771 7009282
5665156 3131969 1005772 7467849 1190766 5737600
8072901 2673842 2144309 981248 5724661 5246212
2394479 7903059 7800328 986351 4740551 2049697
9744825 3251696 7299703 579515 1563675 813483
5269245 7485712 4653975 5143229 8135214 8205177
8357888 2226987 9624347 1860735 8116338 7987404
2362626 8854087 7864051 7452817 7087808 4231074
9811635 1357906 3762011 4972618 8017121 5572199
9235498 3538054 4285629 4241638 6287324 2460074
9709579 5085641 1568294 192288 2198603 3705053
1083625 2929672 4538628 3939131 2623359 3497674
5621865 533744 9786720 9812923 8623725 5886464
4185646 2292007 6163888 3068628 767879 205768
7051472 296627 9468590 9081775 5907730 4597159
3919548 4116250 5939663 7164272 2151155 3030697
6419110 2170337 6655483 4158997 6369192 4158136
9692446 5872503 8734546 264337 9350753 7483377
5785478 9422574 4914329 8399165 55992 3995316
6296185 6640951 4317762 1362525 3140816 1901975
4236463 2001849 7021941 9941468 19583 8507109
7558011 8457592 8382588 6756023 3393813 6453387
9230980 26648 5922815 2005751 3376182 4895375
1471221 6787134 945874 1985212 3296296 6485155
9682830 5520383 4060257 1944346 868087 5510204
8712934 5056584 9029521 4753508 9922534 4367342
7136194 9750978 5852920 227436 2706326 893160
9100789 9029455 6028761 8460942 9168184 29343
8072500 4290433 3264768 9422386 9891304 6353681
956100 2251250 8705552 536786 258638 4499199
4446852 5613664 7589505 2872383 8043088 8337229
7423865 4477472 104114 1555473 4869557 3625203
9042454 1243784 4080808 52713 2884423 4266841
456394 1221888 6352198 4030914 3871846 6577653
2245435 9290548 5165279 2675840 3797407 7671283
5661789 6599408 9492339 1353720 5780584 7092662
3303655 6228406 986366 7691531 1037076 4690712
9925228 6517027 9420876 9639565 379931 8647519
2272872 903386 9366826 4438711 80391 9036750
8147000 415937 1741817 1011851 626947 8752540
3171949 4748025 680064 2432830 5893683 8270148
4132864 7688733 5463199 6988146 6749058 6656017
3280475 2764863 184811 1661486 4105685 7354818
7156776 2605870 8910616 6517760 402967 2894020
8304457 1223078 6519016 455589 3206720 5364646
5350844 2291803 5601458 2233825 4519581 6289050
4010648 7492397 623343 1150727 5506700 2691198
3184319 5284726 4154328 2710809 1158235 7315528
8851938 6485514 6310252 4386998 3855075 8021076
9841924 6654189 4345057 7786043 4128373 4670605
1751132 3677275 4482013 98553 1637301 4457254
1054558 1046649 8245281 3895760 7650838 6613287
6731475 6006048 7099170 6219418 3333441 5118240
8739692 5593647 64842 9203488 1603650 6721205
9054394 963845 8436728 7580381 2391901 7865392
1943992 6224604 3364024 5952738 9399595 1829425
8209184 3085766 3647424 9697074 1656250 111585
9070247 4956177 8834676 9696965 7655523 7849026
921906 3622506 3320747 9226816 9046351 8534725
4605762 2547643 2073624 7760808 1044158 673456
6020525 3474176 8654748 379889 1951768 1426233
3249263 778736 6606453 5269744 8010234 247675
1470816 9042617 3937397 9953256 133241 6647472
7886529 9357428 3308321 587701 6658475 8769394
4544644 2717175 7178252 4829298 1346975 6851951
9755800 448376 2041607 2973967 3676548 8182073
1456837 8690357 3004409 7408442 6447702 6876787
1242573 5652161 5612272 3073072 7756000 3734
4597328 4652506 2414402 5426151 9874278 1686729
7365135 5432823 6815701 9885353 5835244 9234592
4247980 8419964 9431760 9754501 5513943 7561857
8206067 8496848 5366068 5755323 8496419 1442883
3643062 478087 2909726 6431534 9345128 1006313
3157122 1471571 4961175 7174518 231969 6694469
4437549 4329648 574097 354877 5608832 8243725
1366372 1571483 2855112 3769817 3160461 8027737
7445026 1488072 138217 8050414 4867004 9259152
4637665 8842005 6156086 971519 1783089 9396191
8777003 933600 6087695 5809387 6728231 4363673
4273416 7073461 8187994 2737291 5316952 1184295
6987760 7851190 2888015 7122343 4388950 6924935
8587770 9873245 7317625 4881988 8986508 7857056
868095 5106708 6604567 5702023 2536853 1389964
538382 3466029 2546559 1177906 1577874 4675232
2156029 5556984 4843251 8491439 9496400 6086999
9839742 4707734 6171119 8953922 1062654 7015814
6371136 7515321 4453054 9231151 2383748 1909843
2078565 3895014 1947092 8230639 4941291 1621523
7759105 8571393 4536608 6798030 2198908 1850922
8637735 5809853 6273316 8212783 4966313 8831965
2081683 96330 376844 1230626 5042245 4278773
1685936 1914172 4044054 9588753 9330886 5021531
6936910 1307231 1082281 636716 9099341 7682859
2728139 3925390 615693 3221728 732333 925007
1550391 3041712 2508826 4320197 316187 5252800
742497 8158353 2549007 5621088 7149467 2287417
1532999 847939 8852768 7668319 6544702 3027118
7577469 8170352 9240506 9515076 9861119 891677
768641 8001019 6710512 8590456 5484643 1040923
8216272 8859955 9363996 9451837 9680235 2000533
1769947 7365739 1597985 8791253 8846255 1172533
2472523 1315821 4157764 8794863 9103716 8251401
8830091 5059820 7380687 7588574 5644259 2561981
1684500 2035314 3180593 1617148 3551555 2315168
8542287 2152041 2673709 1508084 7404816 8289511
2923420 2081162 1167704 6852235 5898372 9178963
1429133 8786215 9324096 8067973 7042552 8545298
6733912 1973778 8897302 8459111 9760364 424822
3660236 627698 3215695 6802015 7767336 7644920
8819940 152798 3814183 9282816 248966 6694214
8498823 964439 3911005 5868252 5871442 7022554
7083697 1977856 9161448 8201723 6159440 6858044
3237884 3616526 4992761 4635294 4883235 1577777
3417866 83176 2391676 2248887 7847848 6777117
5073816 6121405 4313825 3522783 8032295 5745573
5364780 2146316 8537248 2629882 9569150 6078113
4634293 865660 6102335 1874747 1375413 7782508
1263374 5458512 4468257 6357651 3564131 4150810
2652158 4184645 5269562 2236406 5864950 165790
4302538 6249936 3116591 7133887 794436 9750037
2708729 3560914 3945560 3415874 2836943 4013124
8320795 608001 4047376 8914648 1001 4017575
5475441 1543118 8707762 4609167 985513 2389335
2308860 8716164 2557274 163015 870624 3847649
476011 3128374 6281365 8371458 8327344 3319213
2961521 7500405 71224 6352297 9166017 7814499
3836947 7847499 2621568 455133 8036856 2956129
103433 3737510 4183644 1251987 6760964 4321832
1458027 9693370 5264422 727255 4825026 2078272
7192763 2545714 2690289 97911 2939863 9708569
7731758 9949336 2280657 728162 5953126 2500595
3946351 9123143 2377100 893263 772219 3138013
9767767 1853727 679307 9601144 59581 7133114
9664005 9224024 6367409 1959533 6913430 8633974
8054791 2234266 2675379 7992951 9159534 6620303
5124209 3739036 4907635 2912998 2723374 8087519
675471 9375270 7784384 1683049 7305635 7637820
1944731 564763 8921150 2126408 959488 2971299
1398964 7591618 2486132 5557175 433906 3715839
3341159 5772225 3035905 3646683 2673371 3718860
9825216 5953399 9963609 5756797 5769053 7033183
8230378 6854768 9130353 2591788 8925672 684311
9348729 7980955 1918388 8729589 14801 6348667
9712823 5928382 1274777 9704079 6593987 1567916
4134170 9567034 3305130 1191796 9571839 6951148
5051613 7028788 6701898 4065523 1857833 1352236
7674210 6187934 4795709 1887967 3896030 4104720
3840946 8807176 8665945 1801820 6208445 2452950
1797450 4611570 5757424 6687238 3933859 6744989
2444082 121136 9359411 8395693 1622626 6202019
3728052 7038581 7282929 2179204 7540174 1896884
3982413 5283206 6123122 566151 1055379 3826866
1552957 7824855 2032351 7170057 5863133 7786810
2901970 2332350 3358588 852180 9394345 4960269
1193724 8364375 3094928 9956908 1621440 1736696
1992824 9278517 4565308 8593690 8159914 6857449
6821791 1661741 1267002 6769061 7819407 925239
6329827 1231299 3556191 1930558 5134281 6109003
4712638 5274025 4258003 1572601 5493722 9290276
2843430 2875872 7644235 2322659 985480 9175799
8801955 4025505 3661765 4386426 8573326 1776861
9261557 2959267 9664941 5174901 348265 4201391
6519808 6132909 4512942 2433349 4522353 8163046
1404078 9263166 3230093 6985925 5244269 6347415
7478693 420223 3784794 5275032 5750259 5284041
9213214 4499131 676261 2091202 7967106 3793902
7263474 1943401 2657972 1779329 2669000 2175013
6444062 9537737 4925759 56611 5052792 9360813
4777333 410080 8353519 9481188 918581 1722314
5945705 1816030 8781235 7314349 6907732 8153102
7992067 3986524 7209007 4380899 5961687 5849134
3525130 4428605 8165803 719040 5169875 2578951
5505074 9624748 6594165 1055080 541862 5706532
1421655 7422082 5367431 4423980 497699 5340178
6930522 9732025 3580549 8953947 6145497 6151075
5012666 9949124 5035668 4504869 3787262 8682476
4966006 2063162 3576050 9076625 6531480 624186
1195010 4058292 5240205 5774567 3976114 1293832
5128148 4890625 1274167 3074703 5892694 9485649
2785671 3568086 3488824 1868828 7450377 6229661
2268584 4571183 8283108 2014727 5706373 5220750
7543283 1000204 5837486 7911688 6089073 8478699
2130481 2345030 890601 4743244 3228970 6439406
99973 1155955 5755911 2286717 3825798 1254872
4876908 1937963 4056430 5550018 1719197 219176
5193651 3097177 4612785 7346389 6808040 1960297
2341078 9180283 8351918 19455 8231284 2975909
5456346 7216459 8801551 2795467 944221 3547664
8595048 8042427 339115 7049418 1768855 6294422
473749 9981867 745384 7028236 7137818 3768410
1164320 1993264 9281006 5618310 2718037 2991895
3865914 4784092 5536989 8930303 2402166 4048686
8087488 80517 2924670 2780001 6830370 6609338
2453320 2081440 993742 508766 6954970 3676770
9880060 8144233 1328322 8318363 6872639 6826173
1214913 5312842 2042464 4583508 8855134 6238020
3694902 9838035 4498422 5809655 8929553 6160128
8010674 9664745 5640260 6290429 8961929 1688337
3369751 7693748 3151496 4136046 4574915 5056377
2774668 655554 5038293 5604236 5738250 4573804
1663573 5547551 7911453 8710815 7715390 7089324
2006221 3503980 1225383 6686650 9085099 6992335
2110915 6643664 3151887 4833613 2498091 7290225
8036509 3589631 9182303 9639985 4948611 9178891
3674676 7078867 737926 6986087 1808839 8199580
1199726 8090666 4099785 9924618 4146082 3382002
8248674 9299858 1949354 8550936 4284207 5457949
462954 6683101 8608648 6159161 2025130 7931251
1904489 7941054 8157463 7748068 7567726 2148619
5391500 2023588 598939 8732562 5036139 636523
6351397 5020134 1695140 3025803 5486923 994432
2892549 2186297 2497581 9769885 6584939 3198232
5340870 9485573 9305423 3724354 9177030 8265510
570242 7515515 5053736 2806675 5081597 3867785
42116 3451658 522940 1951166 4533117 2122494
2783062 9516112 4263719 1312831 2199538 9264072
3762809 7437151 1196177 7614216 3266611 9838832
5433669 2134604 1356115 4959230 2407197 8082152
2843195 1667146 2846557 2333428 8162319 7520623
5582786 3544722 9938537 7827355 2983686 2035265
471492 941382 7653180 375087 6986822 7068826
8934512 4028038 7286034 41351 9961545 1739879
7069333 2956025 4248903 5214904 7373006 2946993
2511669 5082886 1044460 2440787 9107971 2865970
9275937 449634 1353792 6743095 5730045 8654815
9325535 5935453 4453464 9160912 7142724 2325229
2185652 5058581 5147781 4287289 6024717 8379159
796117 2801843 1705601 1106677 5264094 5206293
3271720 367882 6171716 6991544 5315685 7900800
990804 8030704 1833411 4787209 1099149 6537188
5715033 2191417 8297992 8631218 715816 4026091
7286415 7908421 5813301 1923674 3029251 2314424
7799211 8224380 9058168 2665301 1644669 6306128
1160369 8169260 5185539 6147498 3471375 5362163
2483099 2333990 619768 6552664 8170107 9112019
491817 7398442 3959432 8610593 8572255 3833300
81166 2164898 2086026 7679510 3820262 7355673
9392992 1348046 7338630 3857292 9192332 7091304
8842631 8325503 6386034 5527283 3626840 2929889
1351648 9567534 8720041 2935829 6148119 8381825
3406323 733750 9738313 6701282 1431856 5630808
8354991 9188618 9652125 5224867 2584134 9479771
4220101 3480858 4348998 7829865 6754506 2123329
8023533 8625807 3141658 3528463 7710032 9844603
2725984 4964534 3771602 1029543 7258944 9004720
5113259 7145336 6016779 3704201 4273187 3086511
7617360 2691710 9916189 1707821 5502300 3713
7439179 3617764 5741369 6906263 1307182 145981
8580890 3521782 2813028 6596712 4912296 7522311
5240167 9877859 3023717 9893709 3975297 6467322
1859206 7325448 1929674 647404 111608 5438797
3462991 515899 9207671 1262486 212505 4062796
2207140 6315711 3123507 3137944 6089283 4092268
4103234 5819721 3657351 3625621 2448652 3737161
6191692 8516546 2233040 8494467 8464033 4395327
62794 7723650 8716413 3448866 9848615 8176851
8074039 6791774 3506156 302571 3443271 791282
938309 7318403 3309276 8750231 4389572 8596584
4398804 2102222 3788575 8931449 5790474 8155575
2809970 8233584 4876795 8192512 4455712 1595061
3205757 4968524 2051866 4812343 1199692 2488855
5346383 8758273 6467096 4946655 5063905 9297509
586111 3800663 2376449 2866069 2687311 5130248
427884 7441460 4126974 3636455 4095662 6361811
606752 1131345 1933175 560837 638895 1615030
3300055 9881526 2336062 1911094 7096814 8474747
8739416 6125965 6118711 820421 3403848 5631298
2129488 9452148 7038316 4491066 8345337 1989811
5779126 9943901 5546272 9746547 7764627 7014251
7468087 9569301 872861 5690055 4205591 68347
555679 4785546 8119377 4852065 1646599 5182379
6961446 8675016 6703848 3901701 4126653 6561345
9011537 9607463 4037612 8495675 1506967 4643513
9323494 6115685 2786007 9943363 4781710 694994
6068757 3553508 2116898 5321810 4443007 7527513
7601886 3049361 1920374 6050364 264741 8618301
7511921 7277422 7805548 1855937 7529619 9670320
5285962 1877424 5817248 8984926 735009 8157164
2976639 8972411 8062333 6229347 6366561 8089906
7282339 612316 3835 7424383 8783307 8093091
3065480 1639635 4232009 9176335 6299815 1077291
4640971 2961172 9342721 5419310 983754 4229545
6837964 7467556 8586065 3115686 4657401 2904285
4877745 7083831 2818498 3959734 2345171 5470595
9465179 1372538 6682800 3830468 8768024 9652425
8614466 87537 8494114 9712457 8790457 5889983
5438311 6109627 5577609 4739956 4343955 7773837
8814442 7557328 7988657 3832788 9391382 8899004
9503840 4166652 5954915 7099549 2546637 1699476
5274592 9105745 9294463 8761413 9711155 4927276
4394491 810503 4193147 9690296 6804843 896216
5735430 7125507 8677099 2696081 7677375 8547774
7326676 137789 2739876 5044661 5145292 4787843
7481938 5632391 1981155 7783795 4326627 4601371
3697510 1514917 7540900 6794637 4437864 9684711
6595520 6676898 6398471 650332 345464 3533451
3580689 9124145 752484 7092440 8097357 2265875
221905 6807758 6489277 7407141 9772872 2408847
8959600 229931 3960453 4506620 1279474 4078764
2946120 6610696 6483875 9591775 5992786 5289926
3355316 8940792 2687642 8992387 6100561 1000477
2149302 6676343 9792325 9206424 1463972 6021146
4035358 389497 7535033 9715279 7561889 7518869
8112094 6290369 1742044 5132052 7835037 4207933
5724258 2088899 5397423 2319706 7704212 3734767
7049576 3988913 3131359 5462557 3737124 9156564
9578233 1229518 707196 5488800 5257838 3096529
2616522 9753176 8765959 7939306 471261 889976
6543730 3230841 9048806 8965006 1479681 9702417
3547882 8223263 1105755 8479708 3268128 4011662
5603053 9829596 8972131 6057557 2156848 7475058
2889786 8572801 6652373 8378469 137046 6332371
6811672 2623294 1032530 8645514 2515530 8081860
5441974 7784951 1617637 4507446 5775976 4473370
4685961 8084569 2509231 3428942 1914675 5513860
8050808 1098525 7961389 6695534 9885746 5428241
4124398 6558965 7596328 1290900 5049519 1898460
4237603 8165261 3093795 2716435 2153333 8856387
8669886 4902367 5707733 3023895 3037733 5483176
2394024 1095606 4053620 4498760 1371596 4072278
4965826 9460844 6658125 1138512 327660 9038520
8370981 116138 2737547 5604288 4521116 5956564
485532 4151074 2735431 9719177 269843 7610714
1379575 1969526 5931236 3652844 4759055 7012307
9806126 5026913 8060791 2478212 4301509 8790139
1374621 9625637 5187369 3524049 6325073 5588675
5240334 3099090 7837600 4055274 4345453 2037195
6118839 3065597 381251 9751168 2538362 8886659
2747745 2674847 825763 6442905 3119184 9402069
8141041 1312982 4701788 9645818 1332385 5300746
977729 5892769 5814628 3947407 4229667 4895478
769195 6961482 7826000 7146756 4478842 7170752
9773113 7324301 7624073 3894041 7534004 1693458
6631056 54957 2488551 9174131 9730467 1626662
7964375 4931716 6506452 5785299 5383007 5012091
886887 5594516 1766704 2536854 3077545 8452683
6222566 2171431 8835930 5485772 8981973 5576879
1060659 5600988 8196004 3655011 6669791 5794883
1777996 4247000 3778977 3008330 3014761 1277428
2812195 1803597 6162301 4187965 5983031 9297950
8389025 4983896 1578474 2813908 6259869 8884326
5404047 7236259 4246756 9171389 7671474 5362573
2857527 1145284 1072984 6911671 8113472 4129478
3430658 4309364 8261924 711569 4007302 1136007
1233114 7878556 2579755 489276 9724659 1273947
2290382 2034601 6188399 9537979 7096746 3998076
3998404 8246750 9341119 9311678 8250964 9433532
1548127 2606607 6575525 8416404 150802 1869477
204443 5900523 3690125 2032822 757307 1673667
1036025 7677456 976594 442467 1580794 8381312
6304570 4914770 7511600 2972808 6881006 5636873
9174173 3319548 4048537 7074908 2913266 9866721
4788358 4118980 6058399 8828392 9163441 1400694
4560481 2816710 7727754 710277 284833 3824135
7583822 257559 1277293 4514732 8501953 9419289
3021481 3555937 6665956 959807 3007107 3336193
1921932 8575319 5725600 938652 9242231 6831254
7820939 3129534 2987256 3823403 7244464 6638326
5615267 2207633 8514014 9575900 5881985 8764084
653557 5594293 4629936 3687464 5388985 6623447
4359579 4659440 4817594 4629247 4053427 9357329
3200765 3828551 1111872 2722205 6906460 588122
5675093 3621829 3574479 896500 2889337 7155299
836879 3760418 3013095 4638967 8899464 6294320
905275 3445581 7673951 7901872 306249 7412814
8706257 8234467 3186333 9102153 6579072 4582790
2013660 3191692 9076107 3629926 622638 3415912
5526453 2893062 5301172 7925891 3900806 2260156
5189604 9757057 2704955 7474637 2850584 1628566
3610352 9720612 5759976 8523273 3723972 607845
1683378 5298892 3522301 3699058 4015948 8671992
7401789 6572940 7042757 8991688 8882840 9697645
8079191 7206952 3137780 9597182 9112513 6006402
993147 2979383 9544774 5413795 2712267 549192
4707859 1231619 5383883 1557766 5491800 6858459
8822813 3490386 9467719 8468261 1946548 5323745
9893611 1827395 8877113 6629180 524102 7327866
5217398 6197916 874217 3007309 9395445 5643631
8490786 4013170 608099 9753574 7530125 744589
1063070 6269583 2586625 2973109 8991199 2784329
3288109 5844022 1081139 184297 168875 5392453
229925 9610929 5260404 7814034 9703570 7285118
7129289 4363967 2455280 2216908 196396 6514351
9674974 1700549 1836173 9740251 3066980 1478630
6250360 9069238 5960260 8723130 7405190 5676965
2737120 6920502 2836195 6092783 3341070 4680079
6246727 5033101 6029040 5481763 2777383 9784516
383227 676751 4309599 3322980 2624285 3166158
8289308 8846162 6073186 6072273 3298134 7290650
948156 3547858 2777042 9602508 3933936 1099636
9432193 1506795 2205738 9583439 5076913 2783068
4448922 1036505 1022897 7775201 5970180 5163295
485310 4193210 8923165 2051657 9357023 2390228
7169030 2927379 6444953 2794102 433822 8559028
9603778 6664847 3622368 5545545 5144627 9793212
1903036 6644218 1099164 4929404 6049570 1270588
7578777 799788 5599838 1526531 8874058 1587779
2143261 514106 2875982 909891 5586963 9104923
8367484 8896498 4190834 386814 2433477 1006557
4654682 6638091 1072973 3646710 9979660 8412066
9160700 8903377 5891878 1229684 5872164 9325962
4064131 5555906 8143640 7652577 4472880 8557235
6790389 5642499 4053321 4857173 650840 9919715
5683045 8693887 1077884 4517444 7178061 6248128
5602378 1516222 4210741 92606 274721 9411479
197615 3932066 820127 7187772 2365831 9970680
5695901 913576 4641942 3550020 6845759 31056
961283 714906 4423618 5633598 3596424 6790978
6953235 9797509 5987250 1153257 7963664 1285772
7334182 4643255 1725315 9643749 5627306 4355942
5115220 3971524 5281184 8732161 7454962 540813
7737108 9602617 3276667 4082640 9161271 9737264
5277773 2133025 1848127 1046827 3556160 6463154
1824510 9968779 7919797 7419762 3139371 477212
3424228 9044357 5968401 9534354 9853589 7722575
8245365 6052152 5286270 285999 8434799 2874235
4749872 2229122 3259944 3882805 7896490 3993806
3514310 2870595 636237 6249985 5875484 5830638
9437645 6287354 1087094 5262160 7819238 5658526
6436144 7695458 832152 4803972 5307932 8410604
4572411 8202753 9749028 5554091 5837275 3109118
4450994 4991773 3698226 8973891 6296955 1327038
3203210 7941704 2072289 3925991 3905452 268776
9840974 7174242 3168873 137762 96709 3566235
6635480 2983204 8232913 9627743 3849854 739340
2042082 9945900 6921189 4849339 9310393 9693737
4244778 7960218 7033319 7527118 1798991 883710
2132412 463753 9990399 9760056 2058949 9877534
3586237 2510153 3790005 563376 4962997 8133689
5241731 4434649 8106043 6182792 8918610 2854071
4876205 4823251 1141919 2958885 6931809 6351054
4405848 8353871 8631311 2378551 9681212 5945233
3235456 2313856 5375251 2285162 8005350 9632956
3575835 6875424 924254 8355379 6041505 1339701
6949335 1478706 4982902 8787500 9607607 4875744
1587693 8061985 9041607 4179248 2650913 6975740
9741791 9173526 3531944 3639344 5354207 3705078
1246222 1207685 2828940 7844772 7327920 2649141
2758438 2956569 6429298 8473087 2606957 2043186
1929816 6520825 8781745 9802218 6009550 5453103
1368151 5618348 8746264 3755567 790858 1619227
6903626 9056207 9662942 8399511 2543371 8831824
6101012 9936490 1521217 7219176 7109157 4833819
8510760 9104562 4150785 2333761 6029061 6651038
8446445 3114605 5455028 6998421 2249432 6130088
8193994 9939572 3163975 8078840 2271192 9735858
4958813 7490655 416827 1209713 941145 8271712
2986198 4358927 413197 7597474 2372075 2670466
521968 4710640 9411668 3947926 1291457 6904987
1302317 9034390 9589287 2095226 5309121 7676252
6164198 9905204 6806775 3532854 205517 2603798
5667848 8022171 7665297 1785358 2260362 9618501
4416992 7301047 8163417 5879073 9347562 1670134
6237840 848971 742530 2784561 6476452 7538791
6718420 4246067 8648115 6258987 6776523 3236802
146571 2863587 2181534 2740574 5045514 1035941
1464937 9453344 4153410 7809399 1929625 4349904
5005168 8736610 2450278 9793166 9530934 3990410
8741570 5423244 9686827 7919152 5857385 4460149
6933722 3379637 3428752 9267983 6814434 5959449
3955683 9408860 1245647 4428495 1638787 9396774
7436967 1676417 2255532 7127475 4414135 9894217
7516724 8428441 8919345 6392626 7779393 7739842
5088513 6925253 4715133 4657704 7517416 1353279
3549974 2227419 7006202 7721384 5806851 1665877
7607189 2196953 2638910 8193960 3853715 2520764
3104256 576673 7097823 3053503 2356198 7854516
1734877 1614094 1009108 9792609 402427 7428943
5540803 541096 5600243 5688909 4179470 9889180
1244316 9297978 1891444 9892368 878520 9411367
2390572 9715582 5869565 589655 9520286 2217182
7255307 9322763 4574725 6398581 3288369 7202719
642019 2035010 4569054 6860616 2922827 5903322
344170 3757364 1824991 9577258 2180580 5265755
6065633 1918279 8017483 2749729 6949644 4555737
629320 3211887 9698153 7686455 662930 2640615
1984950 1145221 2093808 8791926 2537302 1079663
2854217 9142222 7252726 8397524 5046890 2144459
5320126 4383700 6375151 5988122 9548197 7121155
7586376 2813314 7535002 603810 4524022 7602007
4199698 4505577 2373119 18988 5769260 76482
7504566 2955564 1372080 1928438 4875665 1777605
3809513 1552244 1220062 745327 6723040 3038357
8013028 7668109 6871388 5873023 7429603 2565943
8180585 4641198 3663689 2576997 100078 7849615
5105613 1381140 6621199 4491800 4592227 8031725
8706543 2835229 3372962 7176244 892957 2091326
772379 3391687 9508035 4597546 2178608 7995953
5901093 6841048 6090274 4496644 2590782 6855912
730618 8326675 7075973 9807176 1838403 1128061
6412792 4927569 2855485 3522464 6822825 3494525
5156405 9317713 6960017 3188337 2038783 3887811
9665395 836783 6775151 4780062 5100644 4037916
3057908 3583039 2462590 5667736 6675904 3259029
1759340 608968 8790357 9765286 3761182 6265552
955751 8899367 996825 2244900 763452 5965388
9235840 7249914 6568862 6013510 9441140 2860894
1035935 2712756 4802265 2202463 4831249 1753998
80760 5950555 3226030 3038057 6749267 8255364
8665471 745055 8251665 9596455 1763123 6213856
4704167 5391118 5556530 694465 2232585 3139415
2890985 7420494 73331 809763 5544221 7850730
7469054 7044398 4141898 9601695 4631800 3963147
8456764 9556877 5777719 7036358 9684526 7810626
3039521 7917694 2150100 2741461 3579429 18396
7713722 9639385 5486790 355005 1309342 4050022
7304364 341470 480170 1662849 9311478 7410755
1680667 9270997 406333 5375299 5569003 9704868
4113466 9063775 6113254 4288517 1139690 2206246
436137 7667808 5706592 7745904 7654943 4314891
989315 149524 3841065 54934 3096040 5904836
2363939 7114048 5735056 91875 2297331 4290330
3482977 6793915 245399 8366963 5355691 413529
7404292 7664222 2348691 2445231 8627994 4515653
3905141 3425205 8499694 3280544 9918868 3641533
8343430 9558459 2686526 6165278 673533 9161953
3569690 1625732 6174956 4501497 3011359 8454954
3969812 4021590 6766444 1822924 805540 4345775
1960847 2069173 2312117 5293063 341611 9990721
1966200 8544083 1521529 9325411 6149793 9670835
7405141 9083395 7195180 2093522 1748445 2738871
1603803 7317698 6120381 1083445 4797273 3729958
4238572 2902795 4652862 3893736 8475418 4606404
7749208 2082217 2619664 4153919 1319696 7849694
1329416 3050366 9216848 2695805 4199078 2129449
7640424 4244278 5475939 6504120 7096355 3927964
1259774 1876290 2273145 4027572 219120 3487842
8225393 877401 7271899 8582158 1054490 7438815
5337859 8072464 68665 6915125 1576202 4067576
7051170 3251222 7763698 9345485 764105 8698078
3522023 8907998 3118619 3990931 3443021 552995
8254019 7734452 5806440 724898 2633962 6599128
2333259 3721636 1863096 9131822 5928525 442295
577794 2747258 1995876 1778032 7357945 6126614
2060784 725298 2668075 1408362 9452949 3845132
6164265 1914288 1112184 3575066 505549 1311121
369222 4234461 7434379 6718904 328138 3320037
1632375 4612961 5438502 3469536 4581866 7854566
2204479 7919348 7322696 7321403 8767690 8016846
6702202 1743990 1550053 6992005 1930146 2717722
7884919 6845656 8281502 1961307 4560632 719673
5486943 8758192 3216086 551975 8762600 1694064
3007915 3858890 2419120 8675838 145657 2744984
688112 8591248 6143432 4813508 9203883 1533601
6522436 8842861 3146597 3095338 6872863 8761559
9761068 3377216 2304314 4716657 8833984 3482481
5038534 9671067 52328 4718828 7982593 5823673
4638480 1652504 9156747 5628632 4313488 4908800
5597726 8026364 1598333 8805068 6303893 3338898
6574290 3071410 7641773 6747901 5438871 5717771
7573075 2391605 1885329 4454527 790906 5385383
9389749 8291258 5024905 8936638 3637303 474589
2692656 5969283 608655 319758 175028 7551379
2376853 893804 4529373 8237796 7497611 8846498
7163225 955999 7073323 8965416 8142366 5762574
5840708 8290633 4232196 4334556 7145752 5590987
3938343 183953 861597 3771364 6238882 6022230
9883895 6661088 4389060 1123744 6112412 334610
2730243 6254532 2896382 90394 4371047 4545066
1188398 9335278 4893994 3038830 7291301 9834906
8312060 424333 148892 9262331 3095930 5346669
6242392 8358099 8823530 5017667 6381414 9991075
6689781 8605489 4654921 8507142 8353901 836523
4457438 6039481 4843587 6738712 6235172 1887834
2866191 5750313 3919586 9687130 3146158 7810473
696993 899513 2892651 1026690 5459303 5814549
5873338 621564 3565157 9042391 4881351 7754313
1511079 7712575 9873117 2905306 3400612 5765557
9890145 2681255 981377 4057470 8581392 1251820
4991319 1573347 4189160 8261057 6396139 7345616
1427083 6555262 5211940 1013056 4320673 5481901
7098424 5663090 3146186 8840372 2633804 7732337
7271365 5415046 1158129 7089274 5227633 8522596
2014716 9960885 2349701 8154029 9796984 464903
6829096 6639522 2318120 1640830 6035371 3885955
1625388 7612280 4225424 6219541 7615308 8326089
2542372 498022 3391902 4391215 5806882 7737522
2619370 1049772 47450 3249039 6786105 3166345
93691 7902044 6345714 5666564 6246341 6435253
4995915 3273053 6758277 4747037 4183960 7681150
3163781 5457593 9627718 9260230 7214984 5021524
3506912 1051824 7799738 2832039 4546901 4729610
5130694 7623501 4154003 4612179 5534658 8747212
417452 3580056 9853417 9151774 1547139 8133327
7540241 5958824 1365939 7790170 1223626 4342254
1567812 7795335 6314062 5710751 1227434 349288
8109803 3359139 3834788 5025926 9742127 5734281
5366607 7261651 3355142 1616103 535869 8622839
2281250 383736 7738395 8011065 4329585 603903
7827733 4012006 3910454 1494391 1719989 1256159
3655585 5716742 9828198 3457484 1264227 6751566
8415548 9419943 6396066 3804715 6502376 2175518
4912423 5391526 3837929 4119136 3785167 4285487
4778184 5924137 5422954 2743099 5508920 839889
6603859 3556746 3465749 5710158 7883017 7215428
6438833 6615411 1639150 2578628 1370340 4025384
5906082 1909123 5997424 6603576 3200555 1115926
2226773 8476535 3881360 5562876 3098642 8938059
6765974 3708597 226838 9624967 6716207 5795852
5833205 912486 207822 8988308 6853625 7707480
3285816 2705389 1536925 9180638 7365882 9886964
536368 2333794 4021185 9812544 8213053 1876044
8288062 8174607 2723581 4307027 516325 7032384
6958529 1040982 458104 4527690 8944183 4174420
6988589 6813865 9899203 5843297 6745423 457854
3817562 6917774 5055498 8289943 3317759 495166
9579000 3046134 1110653 3994395 5026507 764847
4916873 6953430 5495543 8350794 1336904 8541599
3072271 1526177 396160 3175437 2029778 5812642
7249375 8758126 3761205 7362504 2192048 552016
9987760 4693071 5588371 3563331 5994982 1295278
6820546 9998118 4856848 2228415 4728027 7470191
5921731 2964134 6014474 9693257 9610816 1990753
8678877 8637794 5476961 1357603 2771026 5219245
61693 642125 4887996 9242855 1040567 4559633
6733960 2216495 854085 558636 4006634 333436
5176476 1353542 958448 4200264 1530248 1338785
3684751 843855 6798150 2925969 7253705 9065643
9798167 7556118 9147309 1770451 8683627 3554254
5075055 8630156 1922044 369125 3501637 5352856
6407282 7577690 8957550 297214 5494455 2511531
6616105 5363094 8957499 5681038 4516780 8257274
1032305 4478612 7107546 4138175 7672852 1927170
8421095 7135724 3388419 5822352 9444687 3484449
5412324 4963508 3532868 7299831 5483581 5376477
8411391 4807351 7851904 5605591 7792982 3952557
2381234 3387536 5349400 4286619 6309863 1890611
108143 4117129 3039338 890034 738145 4205015
6446707 936880 957304 9994873 1948029 6365913
1964437 584930 8133002 5473101 4884890 530946
8978662 9316273 9879513 3581022 7269646 9709428
405369 5426714 6685630 3154988 1756940 4285315
6577770 4134476 825860 1497807 5714208 5327558
445110 4522289 4225362 9327852 853124 4546701
4419173 8416517 2859322 1485991 3641153 7208051
5819555 6908132 8502646 4818453 5307956 6993590
2011098 6527121 6847483 3329909 484664 5311431
7519385 3291718 9179939 6671988 3417103 7813553
5540052 466629 4870721 2805444 5027991 362600
6305584 9650810 8463149 5332811 9161849 8853128
6850106 8919378 1785561 9477578 7335433 4848807
5782669 1759317 8826519 3832270 9486709 9187086
8480075 7115200 4037624 8913931 1808467 7561405
5366761 7747184 4999414 5045768 5945938 3174523
2337329 3014111 1880141 8140045 8512869 5657146
8530440 6678286 7365272 7994354 6479802 1565286
3525869 8041806 5956285 4331132 889318 1657786
8987033 1707781 979919 5683635 4325369 7912790
6324976 7391652 7842342 901743 9966049 1414664
3853713 1804337 2973439 8611038 7140248 4321322
2968665 7642624 3246447 3169373 5301829 2808423
1821814 485720 635398 2472338 5388061 3766661
1605120 1035629 6857865 3341628 6058735 4238157
2194603 6653694 8688742 3967351 1815068 1121216
7814804 7628697 6712237 5950607 4140640 4675465
8591847 4914831 901558 1634963 1362466 3246694
8411338 5817659 6405951 8171496 3861820 3839648
7277392 3852638 2003590 4075680 9296623 8930419
4556799 512085 5745602 8735282 6416434 486553
5632579 9001314 5827555 2125231 5354569 7673132
6096185 5871206 6345079 5959933 3880491 473230
2865103 9970157 9673163 3611171 4930290 241075
7832205 4023106 2791873 4849093 6689959 7962430
9117625 3739123 8332073 7781817 1393808 3628555
8929862 9856564 8498397 415004 6002383 2361151
7419138 6286106 463090 8732818 2075311 7990614
7494569 1317459 9972146 1530360 1210577 9326466
9257255 945627 5581794 5504526 903077 2393327
7694679 783486 2311355 7865125 3007605 1615446
9341059 8314367 4477398 2716523 7030070 4023926
